file : ./data/SimulationData/Protest/APDM-GridData-100-precen_0.1-noise_0-numCC_1_0.txt
trueSubGraph : [64, 74, 52, 51, 62, 63, 59, 69, 50, 73]
q : 1.0
lambda0 : 10.742067107519862
lambda1 : 10.122183333292321
lambda2 : 10.123695757399652
lambda3 : 10.688101262904265
lambda4 : 10.478281428095647
lambda5 : 10.048193697709207
lambda6 : 10.947868511448114
lambda7 : 10.372753932017876
lambda8 : 10.930581637747862
lambda9 : 10.21308075686827
lambda10 : 10.724841355332597
lambda11 : 10.098144874057612
lambda12 : 10.588205801880836
lambda13 : 10.387097821033327
lambda14 : 10.250791402147298
lambda15 : 10.589955890642356
lambda16 : 10.597377034710068
lambda17 : 10.666232897125434
lambda18 : 10.656150389592378
lambda19 : 10.034366636499044
lambda20 : 10.240442192785382
lambda21 : 10.920846996980798
lambda22 : 10.371729509920593
lambda23 : 10.550340834322117
lambda24 : 10.703628750125796
lambda25 : 10.918877636944107
lambda26 : 10.734740339314271
lambda27 : 10.847004278877474
lambda28 : 10.42861574684622
lambda29 : 10.774951617801749
lambda30 : 10.686006494317839
lambda31 : 10.017050658851288
lambda32 : 10.91597655667078
lambda33 : 10.813236495820465
lambda34 : 10.06397674191527
lambda35 : 10.136616967759231
lambda36 : 10.701358152673441
lambda37 : 10.466672296767634
lambda38 : 10.706585999994434
lambda39 : 10.217305796556152
lambda40 : 10.30685330824907
lambda41 : 10.176625437353312
lambda42 : 10.441751931942873
lambda43 : 10.149880637184364
lambda44 : 10.48574346435689
lambda45 : 10.88714672900602
lambda46 : 10.425276675716844
lambda47 : 10.7925398075867
lambda48 : 10.803981887295363
lambda49 : 10.166839534493455
lambda50 : 10.87814192990562
lambda51 : 10.339965999031469
lambda52 : 10.597519497504614
lambda53 : 10.402503761385113
lambda54 : 10.429598904863473
lambda55 : 10.2838226064692
lambda56 : 10.863294565990536
lambda57 : 10.235099720381733
lambda58 : 10.475909300394083
lambda59 : 10.059986314055651
lambda60 : 10.591289648454305
lambda61 : 10.695276656026007
lambda62 : 10.602312051593046
lambda63 : 10.648371436912146
lambda64 : 10.242395384395795
lambda65 : 10.364412048425843
lambda66 : 10.265060605937045
lambda67 : 10.704636522997202
lambda68 : 10.70893104160029
lambda69 : 10.816736303047712
lambda70 : 10.527840858526558
lambda71 : 10.155401910451793
lambda72 : 10.264815210762135
lambda73 : 10.23005974851773
lambda74 : 10.392096762395035
lambda75 : 10.002519162509765
lambda76 : 10.44020443048955
lambda77 : 10.540851191609676
lambda78 : 10.673884482763567
lambda79 : 10.191410313066568
lambda80 : 10.35177009593807
lambda81 : 10.354831407234695
lambda82 : 10.56406590769367
lambda83 : 10.112694612556139
lambda84 : 10.132853745756982
lambda85 : 10.150587678716821
lambda86 : 10.570740227577833
lambda87 : 10.518793700800922
lambda88 : 10.775524438680767
lambda89 : 10.900915088936488
lambda90 : 10.564584728578364
lambda91 : 10.725357569342187
lambda92 : 10.580589100589394
lambda93 : 10.129520887645
lambda94 : 10.434923196663824
lambda95 : 10.914488854352037
lambda96 : 10.396383871139237
lambda97 : 10.902293880021752
lambda98 : 10.216198572883158
lambda99 : 10.985963181711433
X[0] : 10 16 7 14 10 8 8 9 7 7 
X[1] : 12 10 11 9 10 7 12 6 11 6 
X[2] : 11 7 7 14 7 8 11 14 8 9 
X[3] : 10 9 16 16 12 10 9 13 15 14 
X[4] : 9 12 9 9 9 10 5 13 13 16 
X[5] : 11 7 9 8 9 12 12 10 9 10 
X[6] : 11 12 10 9 8 8 8 16 6 10 
X[7] : 7 7 14 17 8 12 13 10 9 11 
X[8] : 10 10 10 13 10 16 10 6 7 11 
X[9] : 10 16 9 11 10 18 11 11 14 7 
X[10] : 16 12 14 6 6 9 11 4 6 12 
X[11] : 8 8 11 5 6 15 10 12 14 12 
X[12] : 10 8 12 7 9 7 14 12 17 9 
X[13] : 10 10 5 11 14 11 14 8 8 7 
X[14] : 10 8 7 9 14 11 7 7 5 11 
X[15] : 12 13 7 12 7 14 13 15 7 8 
X[16] : 7 11 7 11 10 14 14 9 6 11 
X[17] : 9 12 10 10 12 16 14 9 10 11 
X[18] : 14 9 4 9 8 13 14 10 10 9 
X[19] : 7 11 7 13 9 11 3 10 13 10 
X[20] : 10 10 14 11 12 10 14 11 10 11 
X[21] : 12 10 13 7 11 8 8 10 11 9 
X[22] : 11 14 9 10 7 9 5 9 3 13 
X[23] : 12 9 10 11 19 14 12 15 9 12 
X[24] : 10 8 11 10 10 6 11 12 9 6 
X[25] : 11 10 14 13 9 17 11 9 9 8 
X[26] : 7 8 10 10 13 14 11 4 18 8 
X[27] : 15 15 9 10 10 9 12 11 9 9 
X[28] : 13 13 5 12 9 15 5 9 9 10 
X[29] : 16 11 11 11 6 15 9 8 14 11 
X[30] : 14 6 9 6 15 7 10 13 8 14 
X[31] : 6 10 9 10 12 11 12 10 8 7 
X[32] : 16 8 12 9 15 15 18 12 8 12 
X[33] : 11 13 10 17 9 15 12 11 7 11 
X[34] : 10 12 9 10 14 10 7 12 20 8 
X[35] : 7 9 9 9 8 11 12 11 10 10 
X[36] : 17 17 12 6 15 3 14 8 11 10 
X[37] : 15 9 11 11 9 12 12 10 14 10 
X[38] : 13 6 7 11 14 13 9 5 11 10 
X[39] : 17 10 13 9 14 6 8 8 12 12 
X[40] : 13 8 17 9 9 14 17 11 7 8 
X[41] : 9 12 9 6 6 13 6 11 8 7 
X[42] : 11 6 6 7 13 11 16 11 10 9 
X[43] : 11 12 12 9 14 5 6 14 10 19 
X[44] : 10 9 5 8 11 17 11 10 10 9 
X[45] : 12 12 13 10 13 11 9 9 14 11 
X[46] : 12 9 15 10 16 13 8 16 8 12 
X[47] : 14 7 14 11 10 10 11 10 13 12 
X[48] : 7 13 12 14 16 15 9 19 14 6 
X[49] : 13 7 9 11 7 12 4 6 12 6 
X[50] : 7 14 16 14 8 10 12 12 10 8 
X[51] : 9 8 4 9 7 13 13 12 7 8 
X[52] : 9 9 8 11 10 5 19 12 11 16 
X[53] : 7 8 8 15 9 10 10 7 8 11 
X[54] : 10 8 7 9 15 6 8 13 7 12 
X[55] : 6 13 14 10 14 13 11 14 11 11 
X[56] : 11 9 18 10 10 10 9 10 17 14 
X[57] : 11 8 10 11 11 17 11 13 8 10 
X[58] : 8 11 16 10 11 8 13 10 14 10 
X[59] : 11 8 7 10 6 6 8 11 8 14 
X[60] : 16 5 16 9 8 8 9 9 10 14 
X[61] : 15 9 15 14 12 13 7 15 8 11 
X[62] : 8 7 7 10 11 9 9 13 14 4 
X[63] : 7 13 9 9 9 10 11 8 14 15 
X[64] : 9 10 13 8 8 15 13 14 8 9 
X[65] : 9 16 8 13 8 7 8 7 8 11 
X[66] : 14 8 6 10 12 17 8 9 12 8 
X[67] : 13 10 10 10 14 10 9 11 7 10 
X[68] : 17 6 10 17 9 4 9 12 12 6 
X[69] : 11 16 13 7 9 9 8 17 11 12 
X[70] : 6 12 7 9 13 13 12 15 8 8 
X[71] : 12 8 11 11 12 11 8 9 8 7 
X[72] : 10 9 10 11 20 7 3 7 11 4 
X[73] : 9 10 10 6 5 7 7 13 3 15 
X[74] : 15 4 8 14 15 11 8 7 8 14 
X[75] : 7 7 13 10 11 9 11 14 9 9 
X[76] : 18 6 8 8 18 10 3 9 5 6 
X[77] : 15 5 17 14 5 5 6 17 12 8 
X[78] : 10 8 16 10 14 12 12 10 9 9 
X[79] : 15 16 5 10 10 9 11 9 11 11 
X[80] : 14 14 14 10 9 9 7 10 8 11 
X[81] : 15 12 13 8 10 8 11 11 14 11 
X[82] : 14 10 8 10 8 12 12 13 9 12 
X[83] : 14 8 11 5 4 17 12 8 8 8 
X[84] : 10 8 12 10 6 13 12 12 5 8 
X[85] : 8 11 9 17 11 15 5 13 9 9 
X[86] : 7 2 14 11 11 17 10 12 6 14 
X[87] : 10 11 9 9 11 5 9 10 10 13 
X[88] : 8 13 5 12 15 13 9 6 14 11 
X[89] : 7 10 8 6 11 7 4 9 13 10 
X[90] : 7 8 8 9 8 11 11 9 14 12 
X[91] : 7 9 9 13 12 20 9 7 13 10 
X[92] : 9 13 6 10 9 8 12 12 16 9 
X[93] : 7 7 10 13 9 11 10 12 10 4 
X[94] : 11 10 8 9 10 8 10 15 13 5 
X[95] : 15 11 12 13 14 9 11 9 15 10 
X[96] : 12 6 12 6 13 9 11 7 8 6 
X[97] : 11 9 10 21 11 12 10 11 13 12 
X[98] : 11 10 9 16 8 8 9 12 12 4 
X[99] : 11 7 8 9 11 8 7 15 13 12 
