file : ./data/SimulationData/Protest/APDM-GridData-100-precen_0.1-noise_0-numCC_1_0.txt
trueSubGraph : [73, 63, 62, 52, 51, 64, 74, 59, 69, 50]
q : 0.1
lambda0 : 10.833701760718567
lambda1 : 10.765881526518607
lambda2 : 10.139632330915076
lambda3 : 10.801682948762744
lambda4 : 10.23377445331187
lambda5 : 10.536555758952026
lambda6 : 10.975717982963173
lambda7 : 10.808896906509771
lambda8 : 10.448558602391937
lambda9 : 10.218189196867606
lambda10 : 10.606807657846012
lambda11 : 10.99273510445786
lambda12 : 10.938076626344454
lambda13 : 10.71734162821018
lambda14 : 10.360223026911822
lambda15 : 10.574339400727467
lambda16 : 10.629491108100277
lambda17 : 10.442928349702692
lambda18 : 10.709674716529303
lambda19 : 10.416350995322917
lambda20 : 10.266190672597563
lambda21 : 10.464179841069438
lambda22 : 10.145470760217156
lambda23 : 10.214487928648255
lambda24 : 10.353088927124748
lambda25 : 10.288781691578114
lambda26 : 10.217606350506118
lambda27 : 10.627508009627014
lambda28 : 10.083622185872189
lambda29 : 10.767060855661173
lambda30 : 10.488632534407657
lambda31 : 10.495054145704218
lambda32 : 10.180565219302798
lambda33 : 10.060668638066486
lambda34 : 10.282405893634964
lambda35 : 10.893580234045478
lambda36 : 10.216122094772784
lambda37 : 10.50974723070689
lambda38 : 10.798430552716693
lambda39 : 10.294779653740095
lambda40 : 10.773745058553327
lambda41 : 10.795860979197869
lambda42 : 10.09886261917441
lambda43 : 10.275684643120158
lambda44 : 10.976907743598694
lambda45 : 10.047170960127096
lambda46 : 10.929993031972787
lambda47 : 10.887687521586065
lambda48 : 10.84008916314162
lambda49 : 10.10949946644307
lambda50 : 10.814715817279628
lambda51 : 10.326085628697758
lambda52 : 10.726798256635686
lambda53 : 10.273161726764817
lambda54 : 10.373551451878921
lambda55 : 10.57472868845999
lambda56 : 10.385392018755624
lambda57 : 10.97623442761753
lambda58 : 10.134897346461855
lambda59 : 10.554493321554215
lambda60 : 10.255905550027148
lambda61 : 10.718723632465514
lambda62 : 10.214729524989503
lambda63 : 10.962718460256303
lambda64 : 10.118847253621356
lambda65 : 10.46700026946999
lambda66 : 10.662107229459929
lambda67 : 10.721624623903342
lambda68 : 10.162182656902262
lambda69 : 10.430946336279467
lambda70 : 10.567526167883711
lambda71 : 10.412556630869899
lambda72 : 10.84925526752511
lambda73 : 10.275103547379269
lambda74 : 10.91823365002616
lambda75 : 10.633525178589576
lambda76 : 10.866890481655027
lambda77 : 10.828780246997775
lambda78 : 10.326167197510529
lambda79 : 10.7636184568624
lambda80 : 10.599393878828538
lambda81 : 10.569424368828676
lambda82 : 10.48191335136847
lambda83 : 10.326493550081128
lambda84 : 10.228732986575231
lambda85 : 10.18909372910068
lambda86 : 10.109529229319138
lambda87 : 10.523980571120301
lambda88 : 10.135615447313993
lambda89 : 10.843834045464178
lambda90 : 10.246263365848218
lambda91 : 10.372625843483881
lambda92 : 10.23556929323085
lambda93 : 10.556289994878703
lambda94 : 10.708956640641658
lambda95 : 10.920632754726704
lambda96 : 10.320395255090764
lambda97 : 10.098786045080224
lambda98 : 10.54530683269707
lambda99 : 10.97068958407031
X[0] : 12 15 11 11 11 8 15 5 16 19 
X[1] : 11 9 10 14 10 12 9 7 13 11 
X[2] : 13 9 10 5 10 8 12 13 10 15 
X[3] : 12 15 9 12 11 9 12 4 9 5 
X[4] : 12 7 8 11 6 11 9 6 12 9 
X[5] : 12 11 12 11 9 13 11 10 5 9 
X[6] : 10 16 12 9 16 8 15 14 7 11 
X[7] : 17 10 13 8 16 17 12 9 15 8 
X[8] : 14 12 10 9 8 12 11 8 13 13 
X[9] : 13 15 10 12 6 12 12 6 9 7 
X[10] : 8 9 12 14 7 7 8 14 14 9 
X[11] : 6 8 15 12 14 9 9 10 10 12 
X[12] : 6 16 13 9 8 9 16 6 9 13 
X[13] : 12 4 9 11 15 10 9 9 13 7 
X[14] : 12 10 7 11 18 9 15 15 9 13 
X[15] : 10 17 2 8 14 9 9 11 7 10 
X[16] : 10 14 8 9 7 12 15 15 18 8 
X[17] : 10 7 11 16 13 4 4 10 11 11 
X[18] : 11 10 12 7 12 8 8 14 8 6 
X[19] : 10 8 13 7 12 9 7 15 10 9 
X[20] : 5 6 8 12 4 10 12 14 16 11 
X[21] : 13 9 13 12 10 12 16 9 10 7 
X[22] : 6 9 11 5 9 12 9 9 7 11 
X[23] : 11 8 17 11 15 9 9 5 10 15 
X[24] : 13 11 15 6 7 10 9 12 5 10 
X[25] : 12 14 11 8 10 13 11 14 16 14 
X[26] : 7 14 11 12 9 11 7 8 6 10 
X[27] : 18 15 10 16 9 8 7 9 17 5 
X[28] : 12 13 15 4 12 12 11 4 19 10 
X[29] : 9 9 8 9 9 5 10 9 7 10 
X[30] : 9 13 10 9 6 9 8 10 9 10 
X[31] : 14 5 4 9 14 7 9 7 10 7 
X[32] : 6 11 7 6 9 9 15 5 11 10 
X[33] : 8 12 9 14 11 11 7 13 12 12 
X[34] : 13 13 10 12 10 18 20 4 8 11 
X[35] : 6 8 9 10 5 7 18 11 12 8 
X[36] : 11 15 10 13 7 10 11 14 13 8 
X[37] : 9 12 11 8 13 4 8 10 7 10 
X[38] : 11 10 4 8 13 14 9 3 11 12 
X[39] : 8 10 19 11 10 7 6 11 16 14 
X[40] : 8 12 11 13 15 13 17 12 11 7 
X[41] : 9 8 9 12 11 14 5 12 13 2 
X[42] : 11 4 15 10 15 9 8 9 10 14 
X[43] : 11 5 7 7 7 2 15 7 5 11 
X[44] : 11 11 8 9 11 10 10 13 12 9 
X[45] : 11 17 9 8 8 10 10 7 8 11 
X[46] : 7 15 16 13 10 16 11 4 4 9 
X[47] : 9 8 19 10 7 13 12 10 17 12 
X[48] : 11 3 13 15 9 2 12 4 10 16 
X[49] : 11 6 11 8 8 6 11 4 6 12 
X[50] : 1 1 0 1 1 1 3 2 1 0 
X[51] : 1 0 4 1 1 1 1 1 0 2 
X[52] : 0 1 2 1 3 2 2 2 0 1 
X[53] : 11 5 13 12 13 8 6 2 12 11 
X[54] : 9 5 6 9 11 6 7 5 8 9 
X[55] : 10 5 8 12 5 12 5 11 13 10 
X[56] : 14 15 9 7 7 10 10 12 11 10 
X[57] : 11 18 7 6 15 12 15 7 10 16 
X[58] : 14 4 8 15 14 9 15 16 10 16 
X[59] : 2 1 0 1 0 0 1 0 0 1 
X[60] : 4 11 10 14 10 11 11 11 7 7 
X[61] : 13 11 8 10 13 11 12 10 10 9 
X[62] : 2 0 2 0 0 1 1 2 0 2 
X[63] : 0 0 2 2 3 0 0 2 1 1 
X[64] : 1 1 0 1 1 0 2 1 0 0 
X[65] : 10 10 18 14 8 10 7 12 12 7 
X[66] : 8 14 8 12 12 11 10 9 8 15 
X[67] : 9 13 10 9 10 13 12 11 7 13 
X[68] : 7 10 12 10 11 12 8 5 12 10 
X[69] : 0 2 1 1 1 0 1 1 0 0 
X[70] : 7 6 9 13 8 11 15 6 17 12 
X[71] : 12 17 8 9 10 7 12 8 13 9 
X[72] : 14 14 6 9 8 13 10 10 8 11 
X[73] : 2 2 0 1 1 1 0 2 2 1 
X[74] : 3 1 1 0 2 3 2 1 0 0 
X[75] : 10 12 10 9 9 7 11 16 10 6 
X[76] : 2 7 14 15 10 11 9 13 10 8 
X[77] : 13 17 13 10 5 13 9 17 15 9 
X[78] : 6 13 16 6 6 13 7 14 6 14 
X[79] : 20 12 15 17 6 10 14 9 13 14 
X[80] : 11 10 11 11 8 13 9 8 10 6 
X[81] : 13 6 12 10 10 11 7 9 12 13 
X[82] : 8 11 8 7 10 17 15 11 9 13 
X[83] : 9 9 11 7 9 12 13 8 8 12 
X[84] : 4 13 8 10 15 9 9 9 13 14 
X[85] : 7 7 10 10 9 9 6 9 15 11 
X[86] : 9 10 11 2 11 7 13 15 15 12 
X[87] : 14 10 14 9 13 7 8 11 9 8 
X[88] : 11 13 14 10 12 7 9 3 9 14 
X[89] : 9 10 16 15 17 13 12 9 9 10 
X[90] : 11 6 8 11 10 6 21 13 2 9 
X[91] : 11 13 16 11 10 11 9 3 8 13 
X[92] : 5 7 9 7 14 12 11 12 13 11 
X[93] : 10 9 5 14 9 9 8 14 12 8 
X[94] : 11 11 11 12 10 8 9 14 12 13 
X[95] : 11 8 12 8 17 15 11 12 11 10 
X[96] : 11 10 5 11 8 9 6 11 6 7 
X[97] : 12 14 7 9 10 13 11 7 8 11 
X[98] : 7 15 12 8 9 8 19 12 9 9 
X[99] : 9 5 10 10 18 7 8 13 12 10 
