file : ./data/SimulationData/Protest/APDM-GridData-100-precen_0.1-noise_0-numCC_1_0.txt
trueSubGraph : [63, 64, 59, 69, 51, 50, 52, 62, 74, 73]
q : 0.7
lambda0 : 10.354517329677579
lambda1 : 10.934577147214133
lambda2 : 10.475700122881658
lambda3 : 10.769403142978963
lambda4 : 10.577311061139639
lambda5 : 10.386233894846903
lambda6 : 10.240648734884399
lambda7 : 10.30742212465813
lambda8 : 10.421529854764694
lambda9 : 10.086827695190095
lambda10 : 10.50712797535816
lambda11 : 10.765521361971953
lambda12 : 10.040341364841195
lambda13 : 10.52993796728289
lambda14 : 10.724362034292705
lambda15 : 10.948028714964574
lambda16 : 10.748439078205283
lambda17 : 10.194451620282306
lambda18 : 10.4139721450587
lambda19 : 10.675030434472658
lambda20 : 10.598509614207378
lambda21 : 10.53331332393194
lambda22 : 10.860095583701883
lambda23 : 10.539176033166198
lambda24 : 10.777112596321851
lambda25 : 10.252926770176831
lambda26 : 10.761845266615438
lambda27 : 10.339442570995962
lambda28 : 10.362667794986619
lambda29 : 10.6249251612896
lambda30 : 10.611354597410404
lambda31 : 10.908405378328373
lambda32 : 10.209816255537747
lambda33 : 10.972397901460651
lambda34 : 10.746252160930931
lambda35 : 10.390567937095314
lambda36 : 10.055546717488362
lambda37 : 10.205464070971008
lambda38 : 10.693902586565113
lambda39 : 10.432244679206763
lambda40 : 10.867680113329902
lambda41 : 10.983272022023755
lambda42 : 10.664384977349783
lambda43 : 10.601156986110599
lambda44 : 10.532668993211756
lambda45 : 10.474067579578156
lambda46 : 10.276448762594422
lambda47 : 10.49665733745148
lambda48 : 10.816796285406134
lambda49 : 10.895257666054718
lambda50 : 10.1100681896203
lambda51 : 10.171921116508805
lambda52 : 10.772565954848046
lambda53 : 10.998611548647872
lambda54 : 10.576102706209577
lambda55 : 10.125876856579119
lambda56 : 10.130075322187187
lambda57 : 10.81223524984916
lambda58 : 10.334360929612068
lambda59 : 10.06838183854255
lambda60 : 10.758369107996847
lambda61 : 10.757203609501415
lambda62 : 10.176761630129635
lambda63 : 10.64025034816637
lambda64 : 10.017355185576132
lambda65 : 10.43328638987477
lambda66 : 10.120144245825237
lambda67 : 10.428832795713
lambda68 : 10.445185905764326
lambda69 : 10.107330141565273
lambda70 : 10.94507185607269
lambda71 : 10.847416662296478
lambda72 : 10.465731572595722
lambda73 : 10.679556226340116
lambda74 : 10.773650532852843
lambda75 : 10.359024047141974
lambda76 : 10.199751004698138
lambda77 : 10.576962201242072
lambda78 : 10.256784658417027
lambda79 : 10.503270384491318
lambda80 : 10.48713080126907
lambda81 : 10.347908758150176
lambda82 : 10.903475748824086
lambda83 : 10.571312389946533
lambda84 : 10.892980389662956
lambda85 : 10.16680952145206
lambda86 : 10.602516700501704
lambda87 : 10.351654664071454
lambda88 : 10.766786708937644
lambda89 : 10.071500914455651
lambda90 : 10.332113909431197
lambda91 : 10.370406965967852
lambda92 : 10.638124817557529
lambda93 : 10.428869509554051
lambda94 : 10.20831457859532
lambda95 : 10.100620319262749
lambda96 : 10.235527193954386
lambda97 : 10.433921411600265
lambda98 : 10.624628977433193
lambda99 : 10.973420000125811
X[0] : 10 10 10 12 16 11 13 10 13 6 
X[1] : 9 18 12 7 10 10 10 17 12 10 
X[2] : 15 14 12 9 8 10 6 13 15 12 
X[3] : 14 7 7 13 13 9 10 11 11 16 
X[4] : 8 8 16 12 9 14 4 10 7 11 
X[5] : 10 7 6 16 10 8 8 5 10 11 
X[6] : 10 7 15 12 9 7 6 5 11 10 
X[7] : 6 6 5 11 9 10 10 5 10 23 
X[8] : 10 10 5 15 11 12 13 8 19 10 
X[9] : 12 11 8 12 10 9 10 9 5 9 
X[10] : 13 13 13 13 12 12 14 12 13 9 
X[11] : 14 13 13 10 8 14 10 8 17 8 
X[12] : 6 7 10 9 11 12 5 12 8 8 
X[13] : 8 14 9 7 9 16 12 9 14 6 
X[14] : 8 7 13 6 9 7 9 4 17 11 
X[15] : 16 10 9 10 14 15 9 7 17 18 
X[16] : 14 12 10 9 8 10 12 12 11 17 
X[17] : 15 6 14 9 16 7 14 12 8 10 
X[18] : 13 10 8 11 11 11 9 11 10 7 
X[19] : 9 11 11 9 11 18 11 11 14 14 
X[20] : 10 14 14 8 12 7 13 14 9 10 
X[21] : 8 15 9 7 11 9 11 6 8 14 
X[22] : 9 10 15 17 6 12 6 17 10 11 
X[23] : 8 14 13 12 10 14 10 6 13 12 
X[24] : 9 10 9 8 13 13 11 10 5 10 
X[25] : 12 12 6 3 13 13 10 12 10 12 
X[26] : 5 8 10 13 9 14 10 4 13 10 
X[27] : 15 17 12 13 4 17 12 6 8 8 
X[28] : 9 8 14 6 5 10 4 11 4 14 
X[29] : 16 14 12 7 13 11 9 10 9 10 
X[30] : 9 9 8 10 12 11 7 6 6 13 
X[31] : 9 10 8 11 7 10 15 9 16 9 
X[32] : 8 10 14 10 8 10 12 12 5 12 
X[33] : 9 10 13 12 6 13 12 11 16 13 
X[34] : 9 12 17 16 10 6 8 18 13 10 
X[35] : 9 8 9 8 7 7 7 8 7 6 
X[36] : 11 9 13 16 6 7 13 6 12 10 
X[37] : 14 6 8 10 15 7 13 9 8 7 
X[38] : 15 4 8 8 10 11 11 10 7 9 
X[39] : 6 4 11 21 6 14 15 15 14 12 
X[40] : 13 13 16 7 11 10 17 15 9 10 
X[41] : 13 17 11 17 13 9 9 7 12 21 
X[42] : 10 14 10 9 10 9 10 9 13 17 
X[43] : 12 6 9 10 16 12 12 11 9 11 
X[44] : 12 13 9 12 11 4 11 11 7 8 
X[45] : 10 15 14 13 6 8 11 7 16 19 
X[46] : 6 6 10 8 11 9 12 11 18 7 
X[47] : 10 8 11 14 8 16 5 15 11 16 
X[48] : 11 18 11 10 14 15 12 7 13 13 
X[49] : 10 8 12 14 10 15 9 14 11 10 
X[50] : 11 6 5 7 4 9 7 2 4 7 
X[51] : 9 8 6 3 9 10 9 5 8 7 
X[52] : 9 7 10 4 9 11 7 15 10 13 
X[53] : 17 14 21 8 11 9 13 19 4 7 
X[54] : 10 10 9 14 4 10 12 15 12 9 
X[55] : 4 7 12 11 7 10 7 7 5 12 
X[56] : 9 7 15 11 11 11 10 9 12 10 
X[57] : 8 6 19 10 13 10 12 9 11 6 
X[58] : 10 12 13 9 13 7 17 6 8 12 
X[59] : 10 5 9 4 8 7 3 5 7 5 
X[60] : 9 4 14 11 10 14 7 4 11 12 
X[61] : 10 8 7 8 14 9 8 7 12 14 
X[62] : 8 8 6 11 8 5 7 7 5 10 
X[63] : 6 6 6 5 2 3 8 4 9 2 
X[64] : 12 7 7 7 8 8 6 7 2 7 
X[65] : 10 8 13 11 7 16 7 15 14 17 
X[66] : 14 10 9 10 3 13 11 8 10 10 
X[67] : 7 14 9 11 7 10 10 10 8 11 
X[68] : 7 15 12 15 8 6 12 9 18 8 
X[69] : 9 3 15 11 12 5 13 11 17 10 
X[70] : 12 6 10 12 10 11 10 8 12 13 
X[71] : 9 10 10 16 12 11 10 8 8 9 
X[72] : 11 7 13 6 15 10 11 12 12 9 
X[73] : 9 6 8 9 12 8 7 8 9 11 
X[74] : 7 7 5 9 3 9 14 8 6 5 
X[75] : 6 12 17 8 6 6 10 10 15 9 
X[76] : 7 7 6 11 5 15 8 16 8 10 
X[77] : 7 13 13 14 15 14 5 5 11 10 
X[78] : 8 11 13 7 11 10 10 9 8 14 
X[79] : 10 14 5 9 13 16 16 9 11 10 
X[80] : 16 11 12 6 12 8 16 5 10 13 
X[81] : 8 10 8 14 12 7 12 11 11 6 
X[82] : 13 11 13 7 13 17 10 14 10 14 
X[83] : 6 9 16 14 9 13 9 10 13 7 
X[84] : 18 13 8 5 9 13 7 13 15 6 
X[85] : 9 13 9 9 7 7 9 9 15 13 
X[86] : 13 4 4 11 15 9 11 7 11 13 
X[87] : 9 4 11 8 10 7 4 12 10 12 
X[88] : 12 8 12 13 18 10 7 10 5 9 
X[89] : 9 7 15 10 8 5 11 10 17 11 
X[90] : 12 7 20 13 15 7 5 10 7 7 
X[91] : 10 7 9 10 2 8 11 10 11 8 
X[92] : 15 5 7 13 10 11 10 11 14 9 
X[93] : 8 11 11 10 9 15 13 13 7 14 
X[94] : 13 12 12 5 9 10 17 10 8 11 
X[95] : 7 7 9 2 7 4 9 10 6 9 
X[96] : 18 5 10 12 16 10 12 12 15 12 
X[97] : 6 9 4 9 16 10 9 11 11 14 
X[98] : 7 6 10 12 12 12 12 11 8 12 
X[99] : 17 10 15 12 13 16 13 11 13 13 
