file : ./data/SimulationData/Protest/APDM-GridData-100-precen_0.1-noise_0-numCC_1_0.txt
trueSubGraph : [64, 74, 52, 51, 62, 63, 59, 69, 50, 73]
q : 0.3
lambda0 : 10.57466492125855
lambda1 : 10.019198171147682
lambda2 : 10.409912659526485
lambda3 : 10.326350011841491
lambda4 : 10.11915104002078
lambda5 : 10.659376090019041
lambda6 : 10.541363812677039
lambda7 : 10.631312946120843
lambda8 : 10.449359108535225
lambda9 : 10.686421251561237
lambda10 : 10.300928291491978
lambda11 : 10.395840596831654
lambda12 : 10.940371759779854
lambda13 : 10.390792606149791
lambda14 : 10.988675901085976
lambda15 : 10.84163245579941
lambda16 : 10.68094335640641
lambda17 : 10.706603964189599
lambda18 : 10.24849225683213
lambda19 : 10.810009817272277
lambda20 : 10.928966735727563
lambda21 : 10.20337681913044
lambda22 : 10.733053248045028
lambda23 : 10.126636308718854
lambda24 : 10.397851307581558
lambda25 : 10.848889128695587
lambda26 : 10.764253510708679
lambda27 : 10.942002979443247
lambda28 : 10.529580252321722
lambda29 : 10.322127232865023
lambda30 : 10.628168922024923
lambda31 : 10.895010425250538
lambda32 : 10.325413461353516
lambda33 : 10.18193276239299
lambda34 : 10.243480194306395
lambda35 : 10.4720426730697
lambda36 : 10.897042861730595
lambda37 : 10.810187291957721
lambda38 : 10.111094942193006
lambda39 : 10.747435498042949
lambda40 : 10.949697371860788
lambda41 : 10.665777168957401
lambda42 : 10.791359641915903
lambda43 : 10.94959916962438
lambda44 : 10.780466101741116
lambda45 : 10.400222903914317
lambda46 : 10.64629691133332
lambda47 : 10.134390722230611
lambda48 : 10.679069052084872
lambda49 : 10.633173410381627
lambda50 : 10.29794055736381
lambda51 : 10.28310849773056
lambda52 : 10.775081958421687
lambda53 : 10.769568753214825
lambda54 : 10.154012347902949
lambda55 : 10.569542226142865
lambda56 : 10.567754229185985
lambda57 : 10.170743274398689
lambda58 : 10.547823773704534
lambda59 : 10.778561541236687
lambda60 : 10.718781497253486
lambda61 : 10.889505950925097
lambda62 : 10.529946734380387
lambda63 : 10.306775035864932
lambda64 : 10.250799629178491
lambda65 : 10.815945493416821
lambda66 : 10.65443821822997
lambda67 : 10.100220568707346
lambda68 : 10.345397561334712
lambda69 : 10.426024161041434
lambda70 : 10.996244622040358
lambda71 : 10.919275594348461
lambda72 : 10.418678378791155
lambda73 : 10.830164875088652
lambda74 : 10.724225041878741
lambda75 : 10.034148487381405
lambda76 : 10.083335538529413
lambda77 : 10.843970338189777
lambda78 : 10.76634036217563
lambda79 : 10.1257971062723
lambda80 : 10.687774317332249
lambda81 : 10.879283654153461
lambda82 : 10.016473032980054
lambda83 : 10.419645423424539
lambda84 : 10.131068076946049
lambda85 : 10.399332675309864
lambda86 : 10.703039273813287
lambda87 : 10.474464965618063
lambda88 : 10.825323026836188
lambda89 : 10.218345959622898
lambda90 : 10.026394867317784
lambda91 : 10.471844134225332
lambda92 : 10.855279064070812
lambda93 : 10.09320491482972
lambda94 : 10.869138427689402
lambda95 : 10.068973227930938
lambda96 : 10.719116527809518
lambda97 : 10.695367606990942
lambda98 : 10.46431381019703
lambda99 : 10.254862685690894
X[0] : 7 9 11 14 11 6 14 12 10 7 
X[1] : 10 8 6 9 8 8 7 9 11 5 
X[2] : 13 15 10 11 6 9 11 14 8 11 
X[3] : 11 11 14 8 4 10 14 7 10 15 
X[4] : 6 11 14 13 9 4 7 11 14 7 
X[5] : 11 9 11 11 11 14 9 18 8 14 
X[6] : 11 12 17 7 5 6 8 13 10 14 
X[7] : 11 8 11 10 13 10 14 10 19 9 
X[8] : 14 10 14 10 11 13 13 9 11 16 
X[9] : 9 19 11 8 11 5 6 13 11 11 
X[10] : 16 6 12 14 14 10 11 7 12 14 
X[11] : 6 11 10 14 12 11 10 7 11 14 
X[12] : 7 11 12 8 12 14 12 9 7 14 
X[13] : 10 10 15 11 11 6 9 9 12 14 
X[14] : 14 12 17 9 13 8 18 13 8 6 
X[15] : 13 10 12 15 7 9 9 5 13 13 
X[16] : 8 5 10 10 11 12 6 6 18 13 
X[17] : 18 11 10 13 17 9 9 12 10 20 
X[18] : 9 11 5 8 6 10 8 9 11 6 
X[19] : 6 11 9 10 14 9 8 7 10 17 
X[20] : 13 7 14 11 10 6 11 11 11 9 
X[21] : 11 9 11 16 9 8 15 14 13 13 
X[22] : 11 10 16 10 10 6 10 21 10 13 
X[23] : 10 16 11 4 13 11 8 15 9 7 
X[24] : 8 8 8 14 9 10 5 7 6 9 
X[25] : 8 13 7 11 9 17 20 14 8 17 
X[26] : 9 15 8 11 12 17 16 6 6 9 
X[27] : 9 11 5 8 11 9 14 10 6 8 
X[28] : 13 5 10 8 10 12 12 7 7 8 
X[29] : 16 9 15 8 7 7 12 9 15 6 
X[30] : 13 10 13 16 9 8 15 9 5 11 
X[31] : 10 13 7 9 11 13 3 11 12 13 
X[32] : 9 17 7 10 6 8 10 5 7 13 
X[33] : 7 10 14 10 7 16 10 12 13 5 
X[34] : 12 10 6 13 7 9 10 18 9 12 
X[35] : 11 10 12 11 14 13 12 10 12 9 
X[36] : 16 9 11 8 11 9 12 14 14 18 
X[37] : 10 14 13 7 8 9 7 15 15 9 
X[38] : 9 14 9 11 11 6 13 6 11 8 
X[39] : 13 8 8 15 10 10 8 12 8 9 
X[40] : 15 13 10 10 13 11 10 10 10 8 
X[41] : 8 8 12 12 9 11 13 8 9 8 
X[42] : 13 6 13 13 15 9 10 8 5 13 
X[43] : 13 10 11 15 11 14 10 17 6 13 
X[44] : 4 9 7 10 17 14 5 6 7 7 
X[45] : 7 9 9 6 14 11 6 11 13 8 
X[46] : 13 6 12 9 7 14 17 13 4 12 
X[47] : 8 9 8 13 6 10 12 8 13 12 
X[48] : 6 13 8 18 10 18 10 21 9 19 
X[49] : 17 11 5 10 12 10 10 9 10 9 
X[50] : 2 4 4 4 2 3 1 2 3 2 
X[51] : 1 3 2 3 3 1 0 2 2 6 
X[52] : 3 4 7 1 4 2 3 4 7 4 
X[53] : 11 12 11 14 9 8 13 7 15 9 
X[54] : 7 12 12 9 9 10 9 7 13 18 
X[55] : 15 11 6 12 8 6 14 10 11 4 
X[56] : 7 5 8 10 8 17 11 14 8 9 
X[57] : 7 12 10 10 11 6 17 11 10 9 
X[58] : 10 8 12 15 8 10 12 17 9 13 
X[59] : 2 8 3 6 3 4 5 4 3 5 
X[60] : 9 10 6 10 10 8 10 13 12 8 
X[61] : 15 10 9 12 12 8 4 14 8 12 
X[62] : 0 4 0 1 3 4 4 2 3 3 
X[63] : 3 1 4 1 2 5 4 3 2 6 
X[64] : 5 3 2 3 4 1 3 4 5 3 
X[65] : 10 14 14 13 12 8 11 9 10 9 
X[66] : 8 9 12 12 9 9 10 3 16 13 
X[67] : 8 8 7 13 9 11 6 6 12 7 
X[68] : 7 8 10 6 7 12 12 9 9 11 
X[69] : 3 3 2 3 2 4 4 5 5 1 
X[70] : 6 4 11 10 11 8 13 15 13 12 
X[71] : 5 9 14 7 12 4 12 8 16 9 
X[72] : 12 11 4 13 11 5 13 15 9 10 
X[73] : 3 2 1 5 0 1 3 5 0 2 
X[74] : 4 5 2 2 5 0 1 4 5 2 
X[75] : 5 9 11 13 19 13 10 10 9 11 
X[76] : 13 17 8 10 16 9 9 9 10 10 
X[77] : 11 9 10 10 15 7 9 8 16 7 
X[78] : 12 10 10 10 9 9 6 13 13 11 
X[79] : 15 10 6 6 7 11 18 7 6 11 
X[80] : 11 6 14 5 8 16 8 14 8 15 
X[81] : 7 8 11 7 9 18 10 5 5 8 
X[82] : 16 12 8 9 13 9 4 12 7 11 
X[83] : 14 15 11 3 10 3 10 12 13 8 
X[84] : 12 8 7 12 10 10 12 12 11 14 
X[85] : 5 17 9 12 10 17 10 8 13 14 
X[86] : 8 11 14 12 12 9 8 12 10 7 
X[87] : 4 4 14 16 12 11 11 10 9 13 
X[88] : 17 14 17 11 9 9 12 9 6 15 
X[89] : 8 10 12 14 8 12 8 8 16 10 
X[90] : 15 15 9 7 10 8 4 7 9 12 
X[91] : 14 17 11 9 15 11 11 10 8 3 
X[92] : 12 10 11 7 15 8 11 10 8 14 
X[93] : 7 9 6 16 7 7 11 11 3 8 
X[94] : 18 19 7 15 7 13 10 4 14 9 
X[95] : 10 9 6 18 11 12 12 9 8 11 
X[96] : 9 13 10 16 7 8 9 6 7 8 
X[97] : 9 10 13 18 11 10 9 12 10 15 
X[98] : 8 7 10 12 16 5 4 11 9 9 
X[99] : 7 16 12 19 4 9 12 8 10 12 
