file : ./data/SimulationData/Protest/APDM-GridData-100-precen_0.1-noise_0-numCC_1_0.txt
trueSubGraph : [73, 63, 62, 52, 51, 64, 74, 59, 69, 50]
q : 0.05
lambda0 : 10.096752895653946
lambda1 : 10.774009357828339
lambda2 : 10.510529346706647
lambda3 : 10.517978556454187
lambda4 : 10.296213519437366
lambda5 : 10.071634537287377
lambda6 : 10.114815530417987
lambda7 : 10.717739981667975
lambda8 : 10.033203603046601
lambda9 : 10.981171402659486
lambda10 : 10.101692284166134
lambda11 : 10.351590809960422
lambda12 : 10.620952501604231
lambda13 : 10.434918625158064
lambda14 : 10.993999451435917
lambda15 : 10.998173064140422
lambda16 : 10.394251814371666
lambda17 : 10.580183558211644
lambda18 : 10.406890757704348
lambda19 : 10.409324621030317
lambda20 : 10.630184768492297
lambda21 : 10.528672049275196
lambda22 : 10.420200845777208
lambda23 : 10.54088017762054
lambda24 : 10.079298127137442
lambda25 : 10.926170150439509
lambda26 : 10.93705878467528
lambda27 : 10.471287697228956
lambda28 : 10.730441300629664
lambda29 : 10.242704383961977
lambda30 : 10.178628768434658
lambda31 : 10.184215415387108
lambda32 : 10.749001836497964
lambda33 : 10.39712930214373
lambda34 : 10.457281147149908
lambda35 : 10.627960485040118
lambda36 : 10.01489368374785
lambda37 : 10.652451395526482
lambda38 : 10.741337419700594
lambda39 : 10.990451752910339
lambda40 : 10.287336870736546
lambda41 : 10.056138734072974
lambda42 : 10.689272401195753
lambda43 : 10.656039409171795
lambda44 : 10.140444071582543
lambda45 : 10.373579478826583
lambda46 : 10.381040059668088
lambda47 : 10.660472976605915
lambda48 : 10.108781521921356
lambda49 : 10.15416692531194
lambda50 : 10.157618405834038
lambda51 : 10.39248881117293
lambda52 : 10.91280492119135
lambda53 : 10.217546584748154
lambda54 : 10.292173572826265
lambda55 : 10.83803481956539
lambda56 : 10.014582745274087
lambda57 : 10.823866519474056
lambda58 : 10.516252677263914
lambda59 : 10.626943434378836
lambda60 : 10.710896797443347
lambda61 : 10.589382943618007
lambda62 : 10.007111203707723
lambda63 : 10.328302604010595
lambda64 : 10.89565118885924
lambda65 : 10.11613216864822
lambda66 : 10.951776681234044
lambda67 : 10.716429658155064
lambda68 : 10.009292430600926
lambda69 : 10.62213595754746
lambda70 : 10.447637261261182
lambda71 : 10.140580242226452
lambda72 : 10.888245908783935
lambda73 : 10.085885547545923
lambda74 : 10.969940228919073
lambda75 : 10.188781110115446
lambda76 : 10.110005212647946
lambda77 : 10.50590343992695
lambda78 : 10.163358831256627
lambda79 : 10.72358761749355
lambda80 : 10.814921981524362
lambda81 : 10.820171255435381
lambda82 : 10.61373006972378
lambda83 : 10.891653436304948
lambda84 : 10.80565468485072
lambda85 : 10.590038067351681
lambda86 : 10.837633332045423
lambda87 : 10.795715768585795
lambda88 : 10.980633726812606
lambda89 : 10.711578968479222
lambda90 : 10.020097568150637
lambda91 : 10.962644218177727
lambda92 : 10.746476793339582
lambda93 : 10.518670675309552
lambda94 : 10.168285453184966
lambda95 : 10.778337470636462
lambda96 : 10.675005776108
lambda97 : 10.241964795213322
lambda98 : 10.287855285213844
lambda99 : 10.931284454930337
X[0] : 11 12 11 11 9 10 11 12 9 7 
X[1] : 13 7 11 8 9 14 7 13 6 16 
X[2] : 16 9 11 3 8 10 10 7 13 8 
X[3] : 14 10 10 13 11 9 12 17 14 13 
X[4] : 9 9 8 10 11 8 8 10 13 10 
X[5] : 13 3 9 15 8 9 12 11 12 8 
X[6] : 14 5 11 15 10 11 6 7 7 10 
X[7] : 12 15 12 11 8 7 8 9 12 10 
X[8] : 5 7 10 4 8 13 14 7 12 8 
X[9] : 13 12 9 12 11 10 11 13 19 14 
X[10] : 8 14 13 10 11 11 10 4 12 13 
X[11] : 11 8 9 12 11 11 9 6 14 6 
X[12] : 14 10 12 14 12 15 15 14 15 6 
X[13] : 14 10 13 12 14 9 9 12 11 10 
X[14] : 9 13 8 10 6 6 12 11 10 7 
X[15] : 11 6 6 9 16 9 11 8 10 15 
X[16] : 13 4 14 8 13 8 16 13 9 8 
X[17] : 7 7 10 11 12 14 6 11 11 11 
X[18] : 11 12 7 8 4 12 10 12 10 6 
X[19] : 7 14 5 12 12 6 8 8 9 15 
X[20] : 6 9 12 10 12 9 15 6 11 9 
X[21] : 7 9 7 12 13 12 11 8 8 11 
X[22] : 8 19 11 12 6 15 8 6 5 8 
X[23] : 8 14 10 12 12 18 9 8 8 11 
X[24] : 13 12 8 8 8 9 5 12 10 11 
X[25] : 9 13 10 9 16 13 12 19 9 13 
X[26] : 11 12 12 13 15 6 10 12 9 12 
X[27] : 15 11 13 12 11 14 11 7 10 8 
X[28] : 12 13 12 5 13 5 12 5 6 12 
X[29] : 6 10 11 9 11 9 9 8 5 9 
X[30] : 14 9 11 12 9 11 8 10 5 12 
X[31] : 7 6 11 15 13 11 15 4 8 15 
X[32] : 12 9 10 16 14 3 13 15 9 9 
X[33] : 11 12 8 8 9 8 11 19 7 12 
X[34] : 11 10 11 8 11 7 13 13 13 13 
X[35] : 6 6 11 9 6 12 9 14 10 7 
X[36] : 9 9 16 8 16 14 9 11 11 7 
X[37] : 10 8 12 6 7 8 9 9 14 13 
X[38] : 14 16 8 13 13 14 6 8 10 14 
X[39] : 11 7 13 10 13 11 9 9 7 12 
X[40] : 12 7 9 15 9 15 11 10 12 9 
X[41] : 10 11 12 9 9 9 9 7 9 10 
X[42] : 13 8 10 6 6 13 5 5 9 8 
X[43] : 13 7 10 13 7 8 10 11 11 7 
X[44] : 16 8 11 6 12 9 10 10 9 10 
X[45] : 11 10 6 10 15 8 8 14 6 7 
X[46] : 8 13 9 12 13 9 12 8 24 9 
X[47] : 13 11 15 10 16 8 13 10 10 10 
X[48] : 11 11 15 3 11 9 11 9 6 14 
X[49] : 6 7 10 13 12 14 7 6 14 13 
X[50] : 0 1 2 1 3 1 0 0 0 0 
X[51] : 0 0 0 0 0 0 1 0 0 0 
X[52] : 0 2 1 2 2 0 0 0 0 0 
X[53] : 5 9 14 9 7 12 11 7 5 6 
X[54] : 13 7 2 11 12 14 13 10 11 15 
X[55] : 15 10 18 18 11 10 11 6 13 7 
X[56] : 8 11 12 8 5 10 8 16 13 11 
X[57] : 11 9 8 10 8 8 9 11 8 11 
X[58] : 8 16 11 11 16 9 5 11 21 6 
X[59] : 0 2 0 2 0 0 2 0 1 0 
X[60] : 12 9 6 7 11 12 10 9 10 6 
X[61] : 11 10 7 11 10 6 10 11 9 16 
X[62] : 0 0 0 1 0 0 0 1 1 1 
X[63] : 0 0 1 1 1 0 2 1 2 0 
X[64] : 0 1 1 0 1 1 1 1 1 1 
X[65] : 8 10 10 8 10 9 10 8 11 11 
X[66] : 11 16 9 15 13 3 14 11 9 4 
X[67] : 11 10 12 11 7 8 9 7 16 5 
X[68] : 10 10 11 8 11 7 8 11 9 14 
X[69] : 2 3 0 0 1 1 0 0 0 2 
X[70] : 4 11 19 13 13 16 22 6 15 10 
X[71] : 14 4 8 5 11 14 8 14 8 8 
X[72] : 10 12 16 14 11 9 12 14 12 20 
X[73] : 0 1 0 2 0 1 1 0 0 1 
X[74] : 0 2 1 0 1 0 0 0 3 0 
X[75] : 10 9 8 8 12 12 6 12 17 13 
X[76] : 6 14 9 11 13 12 11 15 8 9 
X[77] : 9 7 7 13 10 12 13 8 14 10 
X[78] : 11 9 13 16 8 5 12 9 7 10 
X[79] : 7 12 18 9 10 14 10 11 12 10 
X[80] : 14 15 16 13 13 11 11 10 9 11 
X[81] : 9 13 14 13 11 15 14 10 12 12 
X[82] : 6 15 5 7 8 11 15 4 12 10 
X[83] : 9 7 8 13 15 13 13 9 8 7 
X[84] : 8 12 9 10 14 9 11 13 8 10 
X[85] : 12 10 9 8 10 15 14 9 9 11 
X[86] : 15 11 9 13 11 11 11 8 11 13 
X[87] : 8 11 12 14 16 17 10 10 15 7 
X[88] : 9 11 7 15 11 13 9 8 15 16 
X[89] : 7 14 10 8 12 6 11 15 13 10 
X[90] : 13 7 9 5 5 9 13 6 11 8 
X[91] : 10 17 11 10 15 8 8 7 8 10 
X[92] : 10 12 7 12 12 7 7 9 14 6 
X[93] : 13 11 12 7 8 8 10 8 11 14 
X[94] : 7 9 8 8 13 16 7 10 9 17 
X[95] : 13 14 14 12 9 11 10 7 10 10 
X[96] : 10 11 17 9 7 16 10 14 16 6 
X[97] : 16 10 4 7 15 9 10 6 12 10 
X[98] : 16 12 9 7 7 4 10 7 16 13 
X[99] : 10 7 6 12 10 19 13 7 9 5 
