file : ./data/SimulationData/Protest/APDM-GridData-100-precen_0.1-noise_0-numCC_1_0.txt
trueSubGraph : [62, 52, 63, 64, 74, 73, 50, 59, 51, 69]
q : 0.6
lambda0 : 10.605467049810393
lambda1 : 10.887043906082754
lambda2 : 10.28596549436021
lambda3 : 10.48670892051811
lambda4 : 10.18016367981718
lambda5 : 10.753850152817359
lambda6 : 10.553592912391554
lambda7 : 10.015626948925275
lambda8 : 10.81031338695245
lambda9 : 10.954190891536765
lambda10 : 10.502432862539916
lambda11 : 10.327290643129933
lambda12 : 10.616741278984273
lambda13 : 10.47385376311188
lambda14 : 10.823656022261796
lambda15 : 10.893412745602555
lambda16 : 10.055315003773659
lambda17 : 10.675230250180297
lambda18 : 10.056100988207625
lambda19 : 10.468783531770836
lambda20 : 10.98452919893255
lambda21 : 10.304923830159963
lambda22 : 10.691027272567194
lambda23 : 10.900465528048231
lambda24 : 10.395422461475592
lambda25 : 10.079631069409578
lambda26 : 10.149187709051027
lambda27 : 10.825481080291576
lambda28 : 10.754785578706377
lambda29 : 10.653682316756381
lambda30 : 10.46487358137947
lambda31 : 10.346097866195949
lambda32 : 10.707220816841723
lambda33 : 10.733955254571576
lambda34 : 10.166685758682917
lambda35 : 10.91017017811393
lambda36 : 10.978889722400977
lambda37 : 10.938387655887194
lambda38 : 10.144282326774205
lambda39 : 10.083356209918175
lambda40 : 10.233034206921372
lambda41 : 10.52550379204455
lambda42 : 10.64460939808441
lambda43 : 10.727706520321508
lambda44 : 10.16631457939858
lambda45 : 10.43948995644767
lambda46 : 10.088892785024171
lambda47 : 10.345955180602484
lambda48 : 10.118474347275143
lambda49 : 10.225122196737493
lambda50 : 10.818275014316713
lambda51 : 10.986281739861857
lambda52 : 10.814795195746184
lambda53 : 10.3972401195544
lambda54 : 10.785542603345506
lambda55 : 10.360629835999324
lambda56 : 10.15305935776691
lambda57 : 10.97082110470506
lambda58 : 10.957598922054112
lambda59 : 10.424433726703278
lambda60 : 10.303534554145875
lambda61 : 10.558195398732671
lambda62 : 10.76125757423971
lambda63 : 10.309058663143936
lambda64 : 10.826060280601167
lambda65 : 10.318387150186968
lambda66 : 10.886509036900309
lambda67 : 10.229498336164589
lambda68 : 10.73421062792919
lambda69 : 10.180741938887696
lambda70 : 10.468662306192545
lambda71 : 10.745732879070099
lambda72 : 10.387744912281653
lambda73 : 10.739573014416663
lambda74 : 10.731913887367662
lambda75 : 10.697262181663845
lambda76 : 10.766636469165983
lambda77 : 10.709125273930383
lambda78 : 10.4454623734068
lambda79 : 10.544234540685922
lambda80 : 10.5584306389918
lambda81 : 10.221104715983731
lambda82 : 10.425476503076816
lambda83 : 10.716646797850323
lambda84 : 10.487592286488848
lambda85 : 10.458762895756212
lambda86 : 10.334796504994246
lambda87 : 10.794239211698384
lambda88 : 10.712033921213036
lambda89 : 10.178030437527555
lambda90 : 10.327272386162637
lambda91 : 10.147616443946685
lambda92 : 10.398646959517876
lambda93 : 10.17753398809419
lambda94 : 10.734484996088264
lambda95 : 10.864499151959045
lambda96 : 10.530435047612679
lambda97 : 10.0870176182762
lambda98 : 10.806420571557112
lambda99 : 10.404152251981985
X[0] : 6 11 18 10 13 11 11 13 11 11 
X[1] : 8 8 12 12 11 18 8 11 13 9 
X[2] : 10 7 6 11 12 15 8 13 10 8 
X[3] : 12 5 6 8 13 13 15 7 12 10 
X[4] : 9 8 8 12 13 8 5 6 11 5 
X[5] : 11 9 10 6 8 10 14 9 11 12 
X[6] : 10 9 6 12 7 7 6 11 15 9 
X[7] : 9 15 12 15 14 8 17 8 11 10 
X[8] : 11 13 15 19 10 11 10 12 10 13 
X[9] : 8 11 7 21 8 13 8 15 9 13 
X[10] : 11 8 9 14 10 12 17 8 5 10 
X[11] : 7 11 15 12 14 8 10 19 13 14 
X[12] : 18 19 12 8 15 9 12 8 6 11 
X[13] : 13 9 6 12 9 11 11 10 17 11 
X[14] : 8 5 4 11 11 1 15 13 16 14 
X[15] : 8 15 12 14 12 13 13 8 14 10 
X[16] : 9 8 9 10 10 10 8 18 13 11 
X[17] : 14 7 7 11 7 9 14 5 9 8 
X[18] : 11 5 10 16 12 8 7 11 11 10 
X[19] : 11 6 17 6 9 5 8 16 5 12 
X[20] : 14 14 15 13 8 7 7 19 11 13 
X[21] : 12 6 10 7 5 7 11 7 9 11 
X[22] : 6 13 12 8 9 7 12 16 8 9 
X[23] : 9 12 8 12 12 10 9 13 9 13 
X[24] : 14 8 9 8 13 9 16 12 6 12 
X[25] : 14 6 8 12 12 9 10 11 7 10 
X[26] : 20 13 12 13 7 10 7 7 10 14 
X[27] : 14 12 13 12 9 12 13 4 18 7 
X[28] : 15 11 11 12 12 11 13 7 12 7 
X[29] : 13 10 10 7 7 11 15 10 12 10 
X[30] : 7 16 20 10 13 13 11 18 7 8 
X[31] : 12 16 11 12 12 11 10 9 10 4 
X[32] : 9 12 12 12 6 8 6 9 14 13 
X[33] : 11 6 7 10 18 8 7 3 12 14 
X[34] : 13 9 14 12 11 8 3 17 16 12 
X[35] : 12 15 12 9 12 14 11 7 16 10 
X[36] : 12 13 11 12 13 14 6 8 11 10 
X[37] : 10 10 10 13 10 12 13 13 13 7 
X[38] : 7 15 8 9 8 11 14 12 9 14 
X[39] : 11 7 13 12 10 8 13 10 6 14 
X[40] : 11 11 5 6 7 15 11 5 9 10 
X[41] : 6 8 10 11 8 18 7 10 12 13 
X[42] : 12 12 11 13 10 7 10 13 10 9 
X[43] : 10 8 9 12 8 12 15 12 7 14 
X[44] : 14 10 10 14 7 18 16 10 12 7 
X[45] : 11 8 11 15 9 9 9 10 8 12 
X[46] : 7 12 8 7 8 16 13 8 12 14 
X[47] : 8 5 8 5 10 9 10 11 11 12 
X[48] : 15 14 12 15 4 9 11 6 15 10 
X[49] : 9 16 8 12 3 5 14 11 12 13 
X[50] : 5 5 3 6 9 9 7 6 7 8 
X[51] : 8 7 2 6 5 4 6 7 6 5 
X[52] : 9 10 11 8 7 2 8 10 3 4 
X[53] : 9 11 12 12 11 9 16 11 8 12 
X[54] : 15 15 13 8 9 10 10 19 15 7 
X[55] : 15 8 10 6 10 15 13 17 13 11 
X[56] : 11 11 9 8 13 8 5 15 11 9 
X[57] : 15 13 10 15 15 14 15 11 12 14 
X[58] : 9 10 16 15 7 16 5 14 13 13 
X[59] : 6 2 8 6 6 6 10 8 4 4 
X[60] : 10 11 14 10 11 14 12 8 8 10 
X[61] : 13 8 12 10 19 13 6 7 9 10 
X[62] : 3 5 7 4 5 7 5 10 7 4 
X[63] : 8 6 6 5 2 7 4 7 5 9 
X[64] : 10 6 2 5 9 5 5 5 4 3 
X[65] : 10 8 6 7 14 12 14 8 14 9 
X[66] : 16 13 9 12 11 10 12 9 10 6 
X[67] : 12 6 7 13 4 9 13 15 15 11 
X[68] : 14 6 14 9 6 12 2 17 11 15 
X[69] : 5 3 5 4 5 7 7 8 3 5 
X[70] : 9 6 8 9 9 10 10 11 10 6 
X[71] : 9 7 13 17 10 12 7 12 9 11 
X[72] : 5 14 10 12 6 12 23 16 11 10 
X[73] : 8 7 7 13 9 4 7 7 8 4 
X[74] : 7 8 5 5 4 6 9 10 6 6 
X[75] : 8 9 13 9 12 10 5 10 8 6 
X[76] : 13 11 15 14 13 10 8 14 14 7 
X[77] : 8 17 10 11 9 17 10 13 8 13 
X[78] : 7 8 16 9 9 13 14 6 13 15 
X[79] : 7 11 10 7 12 7 13 9 17 11 
X[80] : 13 10 11 7 14 10 11 16 10 11 
X[81] : 7 10 10 8 6 11 6 7 10 12 
X[82] : 15 7 11 13 16 11 6 10 9 7 
X[83] : 9 9 14 12 12 21 16 22 17 18 
X[84] : 10 10 14 9 9 2 13 12 6 20 
X[85] : 11 10 16 13 13 10 7 8 4 4 
X[86] : 15 11 13 10 6 17 12 14 8 9 
X[87] : 13 15 9 15 11 12 9 4 10 10 
X[88] : 11 11 7 11 10 9 8 7 6 15 
X[89] : 9 8 4 10 6 8 8 18 11 16 
X[90] : 10 10 10 10 10 17 8 7 9 12 
X[91] : 8 14 10 6 15 11 6 8 7 5 
X[92] : 9 8 7 10 10 7 10 9 12 9 
X[93] : 12 11 8 13 8 12 11 15 12 7 
X[94] : 12 6 9 12 12 9 12 11 8 11 
X[95] : 9 11 12 14 10 10 10 11 11 10 
X[96] : 22 9 12 5 15 8 14 14 6 12 
X[97] : 8 14 8 9 5 12 12 17 15 6 
X[98] : 19 9 18 17 14 7 10 12 6 10 
X[99] : 15 9 11 13 20 11 12 10 10 6 
