file : ./data/SimulationData/Protest/APDM-GridData-100-precen_0.1-noise_0-numCC_1_0.txt
trueSubGraph : [62, 63, 52, 64, 74, 50, 59, 51, 69, 73]
q : 0.4
lambda0 : 10.699224116961036
lambda1 : 10.442880346726907
lambda2 : 10.047604902361176
lambda3 : 10.429233184692931
lambda4 : 10.236416240940525
lambda5 : 10.95078194433665
lambda6 : 10.40987594028812
lambda7 : 10.140229430998303
lambda8 : 10.485410968510847
lambda9 : 10.822877076031743
lambda10 : 10.325485598551522
lambda11 : 10.968780778169783
lambda12 : 10.197091264577544
lambda13 : 10.056422880972661
lambda14 : 10.732200907403865
lambda15 : 10.175469782980247
lambda16 : 10.03558697519282
lambda17 : 10.486840658220867
lambda18 : 10.75519571284611
lambda19 : 10.647646429238677
lambda20 : 10.783621667301889
lambda21 : 10.25079347673268
lambda22 : 10.176898022968292
lambda23 : 10.603610296766536
lambda24 : 10.571883965691098
lambda25 : 10.756003520711245
lambda26 : 10.888100903729068
lambda27 : 10.678383699379596
lambda28 : 10.689910423342885
lambda29 : 10.403632929117705
lambda30 : 10.493781060841338
lambda31 : 10.528420689161997
lambda32 : 10.746192257484095
lambda33 : 10.739311720926118
lambda34 : 10.294683951970871
lambda35 : 10.15515543530277
lambda36 : 10.302753879950204
lambda37 : 10.808830620170129
lambda38 : 10.880290763036589
lambda39 : 10.465503269228046
lambda40 : 10.749256655972776
lambda41 : 10.156064421096994
lambda42 : 10.441654886273344
lambda43 : 10.804182664066499
lambda44 : 10.363761525406101
lambda45 : 10.871407326578748
lambda46 : 10.885291530959638
lambda47 : 10.331122111147984
lambda48 : 10.42629594390828
lambda49 : 10.8202201855661
lambda50 : 10.874060718916308
lambda51 : 10.68274417130838
lambda52 : 10.878339047458905
lambda53 : 10.693575317674112
lambda54 : 10.820525385844707
lambda55 : 10.658399315803345
lambda56 : 10.717002137965906
lambda57 : 10.290163356661052
lambda58 : 10.15142662617196
lambda59 : 10.311993795840246
lambda60 : 10.473711519403983
lambda61 : 10.676716073081794
lambda62 : 10.852390345846871
lambda63 : 10.013467535329761
lambda64 : 10.182919618060238
lambda65 : 10.04603213547341
lambda66 : 10.942933532082067
lambda67 : 10.979758471899205
lambda68 : 10.574607967671279
lambda69 : 10.979834745375534
lambda70 : 10.156345744703751
lambda71 : 10.595654302903348
lambda72 : 10.502172971947276
lambda73 : 10.786828860329182
lambda74 : 10.451025162823761
lambda75 : 10.517572354348392
lambda76 : 10.372557159558065
lambda77 : 10.233099556659358
lambda78 : 10.642096534610088
lambda79 : 10.083474355396575
lambda80 : 10.053353542155484
lambda81 : 10.876091306656901
lambda82 : 10.046691099941663
lambda83 : 10.110162064550478
lambda84 : 10.80836454817602
lambda85 : 10.50532402911465
lambda86 : 10.01446510897724
lambda87 : 10.197002245571829
lambda88 : 10.766494592114878
lambda89 : 10.342530922354204
lambda90 : 10.217666600132185
lambda91 : 10.25648826557975
lambda92 : 10.388157583345935
lambda93 : 10.15245550238424
lambda94 : 10.196575375314874
lambda95 : 10.278292193019157
lambda96 : 10.26918915915909
lambda97 : 10.148636801080393
lambda98 : 10.309405034142971
lambda99 : 10.712864074598025
X[0] : 10 16 10 13 10 10 12 5 9 14 
X[1] : 14 14 9 15 9 7 9 10 15 9 
X[2] : 13 5 8 17 10 7 8 6 4 6 
X[3] : 8 12 9 12 15 8 7 18 11 15 
X[4] : 6 5 13 12 9 9 4 13 13 7 
X[5] : 13 9 10 14 6 9 8 17 3 14 
X[6] : 11 14 13 11 9 6 7 8 8 9 
X[7] : 12 12 12 7 9 14 13 17 7 9 
X[8] : 8 9 8 13 8 9 16 7 5 9 
X[9] : 9 13 8 16 9 11 11 9 12 13 
X[10] : 12 5 15 6 12 6 9 9 13 3 
X[11] : 10 7 15 11 6 11 11 8 9 17 
X[12] : 11 6 9 8 8 9 10 9 8 12 
X[13] : 7 9 12 10 10 10 12 13 12 17 
X[14] : 8 15 18 8 10 9 14 7 9 10 
X[15] : 7 13 9 10 9 9 10 11 9 15 
X[16] : 10 13 8 8 9 10 9 7 6 13 
X[17] : 11 10 7 8 13 16 7 15 12 9 
X[18] : 10 15 9 13 15 5 9 6 5 11 
X[19] : 13 7 12 11 16 13 18 12 13 7 
X[20] : 13 6 11 12 9 7 8 12 10 11 
X[21] : 8 7 8 13 16 9 11 12 8 20 
X[22] : 9 4 13 9 7 7 7 10 12 10 
X[23] : 12 12 10 5 7 14 7 9 13 14 
X[24] : 7 16 8 14 11 6 12 9 16 6 
X[25] : 12 18 6 15 7 16 10 4 12 10 
X[26] : 9 12 9 14 8 16 8 13 10 12 
X[27] : 17 13 9 4 8 10 10 7 7 11 
X[28] : 13 9 14 9 8 14 6 4 8 10 
X[29] : 13 12 11 8 5 16 7 11 14 10 
X[30] : 12 7 8 9 9 14 10 9 19 9 
X[31] : 11 10 12 8 7 7 10 17 3 6 
X[32] : 14 9 9 9 10 10 11 4 11 12 
X[33] : 14 7 14 12 11 19 8 10 9 15 
X[34] : 10 14 15 10 9 13 12 3 11 6 
X[35] : 18 16 6 14 3 8 10 10 14 9 
X[36] : 5 13 8 12 10 13 10 16 11 10 
X[37] : 8 12 11 9 16 19 13 10 9 18 
X[38] : 7 6 11 11 6 10 12 11 11 10 
X[39] : 11 8 9 9 24 15 7 9 14 12 
X[40] : 11 11 9 14 10 15 8 6 11 11 
X[41] : 9 7 11 9 12 7 9 10 12 12 
X[42] : 15 12 9 8 9 19 17 11 9 8 
X[43] : 6 11 12 13 12 12 13 7 5 19 
X[44] : 10 12 7 4 9 14 9 10 12 12 
X[45] : 7 11 15 11 8 11 14 13 12 9 
X[46] : 12 13 5 18 11 13 14 12 13 8 
X[47] : 11 11 9 14 11 4 5 10 12 13 
X[48] : 6 6 13 14 5 12 15 9 4 7 
X[49] : 14 9 7 6 8 9 13 12 13 15 
X[50] : 3 8 5 5 7 6 5 6 4 3 
X[51] : 5 2 4 5 5 6 3 7 6 7 
X[52] : 3 4 4 2 5 6 4 5 7 3 
X[53] : 10 11 8 9 8 12 12 9 7 9 
X[54] : 9 7 9 8 8 13 10 13 8 17 
X[55] : 11 11 10 7 7 6 6 6 11 6 
X[56] : 14 15 6 14 5 10 13 11 9 13 
X[57] : 8 7 5 11 8 7 11 10 7 7 
X[58] : 15 7 10 13 8 8 12 6 17 13 
X[59] : 1 3 0 0 4 4 3 4 5 2 
X[60] : 10 10 11 8 11 8 10 7 12 13 
X[61] : 15 16 13 10 16 11 4 13 11 9 
X[62] : 8 2 4 2 7 6 7 7 3 6 
X[63] : 2 5 5 4 4 4 4 6 2 2 
X[64] : 4 4 3 4 5 4 0 8 2 6 
X[65] : 8 13 15 12 16 6 7 16 11 7 
X[66] : 16 7 6 13 6 10 10 11 6 8 
X[67] : 6 8 12 14 11 12 17 12 17 11 
X[68] : 12 12 14 11 12 13 15 5 9 13 
X[69] : 6 10 6 5 3 7 3 6 6 1 
X[70] : 9 5 11 8 8 15 11 16 6 14 
X[71] : 9 8 11 8 17 10 9 13 14 7 
X[72] : 8 8 11 6 12 12 8 7 10 3 
X[73] : 6 5 4 3 3 6 5 3 4 6 
X[74] : 3 11 6 2 5 3 5 4 3 2 
X[75] : 5 9 9 9 9 10 14 8 5 6 
X[76] : 10 11 12 13 7 11 7 13 9 6 
X[77] : 12 9 11 6 12 9 16 8 11 8 
X[78] : 12 5 14 13 10 16 14 7 7 9 
X[79] : 7 15 19 10 10 6 11 10 7 11 
X[80] : 15 11 10 8 7 16 11 13 15 14 
X[81] : 9 16 15 11 7 6 11 9 12 11 
X[82] : 12 12 8 8 9 5 9 6 11 10 
X[83] : 9 14 11 14 14 14 11 12 10 6 
X[84] : 10 9 6 12 10 6 10 17 10 12 
X[85] : 9 13 13 9 11 6 6 11 8 11 
X[86] : 5 9 10 18 14 11 4 10 6 14 
X[87] : 7 8 10 9 15 10 13 12 12 10 
X[88] : 7 9 12 13 11 9 7 14 15 11 
X[89] : 9 14 11 3 11 10 12 7 9 11 
X[90] : 7 10 5 10 7 6 10 9 17 8 
X[91] : 13 9 7 9 15 4 13 9 8 15 
X[92] : 12 5 10 12 8 17 15 13 12 6 
X[93] : 14 7 13 13 5 16 11 6 11 14 
X[94] : 11 7 16 6 12 7 9 12 3 7 
X[95] : 8 8 14 8 11 14 10 11 8 15 
X[96] : 16 9 12 12 7 5 8 4 10 11 
X[97] : 8 9 12 13 14 10 9 12 14 9 
X[98] : 15 9 11 10 10 16 12 11 9 6 
X[99] : 9 6 11 6 15 8 7 13 13 13 
