file : ./data/SimulationData/Protest/APDM-GridData-100-precen_0.1-noise_0-numCC_1_0.txt
trueSubGraph : [64, 74, 52, 51, 62, 63, 59, 69, 50, 73]
q : 0.2
lambda0 : 10.017867524258818
lambda1 : 10.845652018157743
lambda2 : 10.64002590441506
lambda3 : 10.48486160884424
lambda4 : 10.585560363007568
lambda5 : 10.70906191934373
lambda6 : 10.843268610889336
lambda7 : 10.163057375210895
lambda8 : 10.773654544032032
lambda9 : 10.12642847664789
lambda10 : 10.752495734324894
lambda11 : 10.886906806800035
lambda12 : 10.357562669105494
lambda13 : 10.701996711264993
lambda14 : 10.664270444114573
lambda15 : 10.663664128007923
lambda16 : 10.100253399186267
lambda17 : 10.14085636948711
lambda18 : 10.897004233793343
lambda19 : 10.350842637338861
lambda20 : 10.389846233972305
lambda21 : 10.48580210164558
lambda22 : 10.16270583247663
lambda23 : 10.57557080083665
lambda24 : 10.064028660818948
lambda25 : 10.298448704685196
lambda26 : 10.49854161666756
lambda27 : 10.60984362420714
lambda28 : 10.72891365409361
lambda29 : 10.822245074859351
lambda30 : 10.823150822266356
lambda31 : 10.085630718231027
lambda32 : 10.368176623157968
lambda33 : 10.599803857028393
lambda34 : 10.980780416126262
lambda35 : 10.66566617332403
lambda36 : 10.495251221582105
lambda37 : 10.877568213248315
lambda38 : 10.115786576365107
lambda39 : 10.083425054081848
lambda40 : 10.163183425249956
lambda41 : 10.252391666293965
lambda42 : 10.00296731417456
lambda43 : 10.465224054799389
lambda44 : 10.587714112295112
lambda45 : 10.073377555061649
lambda46 : 10.996082007893998
lambda47 : 10.737205656214945
lambda48 : 10.077053320381566
lambda49 : 10.897759155606794
lambda50 : 10.118990588989625
lambda51 : 10.489409338074347
lambda52 : 10.042160660388628
lambda53 : 10.488069033514595
lambda54 : 10.111270582781605
lambda55 : 10.33215400689859
lambda56 : 10.112310850863405
lambda57 : 10.148208059493586
lambda58 : 10.130256158316199
lambda59 : 10.404346762899939
lambda60 : 10.253765645309537
lambda61 : 10.872657871143073
lambda62 : 10.305473532975887
lambda63 : 10.895961225767447
lambda64 : 10.60832567000836
lambda65 : 10.66038684507073
lambda66 : 10.367569682972233
lambda67 : 10.0962848565636
lambda68 : 10.135624128702412
lambda69 : 10.671406802972674
lambda70 : 10.078005401315108
lambda71 : 10.919869585426431
lambda72 : 10.597663887964648
lambda73 : 10.562581381136773
lambda74 : 10.710885406415118
lambda75 : 10.78709473048278
lambda76 : 10.878818707062038
lambda77 : 10.042825355867803
lambda78 : 10.861535842914652
lambda79 : 10.14830290619452
lambda80 : 10.448474312071616
lambda81 : 10.308868886538317
lambda82 : 10.56463801076289
lambda83 : 10.548511534083154
lambda84 : 10.49382422890208
lambda85 : 10.37614243007224
lambda86 : 10.74930806675671
lambda87 : 10.405437383226849
lambda88 : 10.088736335754648
lambda89 : 10.291733050731382
lambda90 : 10.694093944875798
lambda91 : 10.115051094614737
lambda92 : 10.56285729020132
lambda93 : 10.323872459840686
lambda94 : 10.509778949491603
lambda95 : 10.222158178646037
lambda96 : 10.048757442720321
lambda97 : 10.454456927866643
lambda98 : 10.962479014909189
lambda99 : 10.252235974313043
X[0] : 10 10 7 13 7 9 12 11 10 12 
X[1] : 10 11 12 9 9 11 10 10 11 9 
X[2] : 12 11 11 7 10 14 8 11 10 10 
X[3] : 12 10 15 11 13 9 7 10 11 9 
X[4] : 9 10 12 13 18 8 12 7 13 8 
X[5] : 11 9 6 13 12 12 12 12 6 8 
X[6] : 10 11 9 4 12 8 13 14 7 11 
X[7] : 12 13 15 9 13 14 15 14 11 11 
X[8] : 15 11 5 13 18 13 10 11 11 11 
X[9] : 9 15 5 12 8 9 9 10 12 9 
X[10] : 12 11 11 14 9 8 12 7 15 17 
X[11] : 16 10 14 14 14 12 7 7 16 10 
X[12] : 7 8 12 12 14 5 10 14 9 13 
X[13] : 11 13 11 9 13 12 4 12 3 14 
X[14] : 12 12 17 10 12 13 11 10 8 13 
X[15] : 5 3 15 10 16 10 11 15 7 9 
X[16] : 7 7 14 9 7 9 10 13 8 7 
X[17] : 3 17 13 12 5 7 5 11 9 5 
X[18] : 16 11 5 13 17 8 10 12 5 10 
X[19] : 12 7 15 15 19 9 12 7 13 19 
X[20] : 15 6 5 12 15 7 16 8 10 7 
X[21] : 15 10 11 16 13 8 6 15 8 7 
X[22] : 12 9 7 4 9 8 10 13 11 11 
X[23] : 9 7 11 8 5 10 10 15 9 11 
X[24] : 9 9 11 9 13 6 17 8 21 8 
X[25] : 12 14 11 14 16 16 11 14 7 13 
X[26] : 17 13 8 8 11 13 10 14 15 10 
X[27] : 4 13 7 8 4 13 11 11 17 10 
X[28] : 15 9 10 15 10 15 12 10 8 11 
X[29] : 9 7 6 15 11 11 12 9 12 11 
X[30] : 11 6 17 14 10 10 10 13 12 12 
X[31] : 5 6 17 9 9 16 12 12 14 17 
X[32] : 17 15 11 8 8 9 9 8 10 14 
X[33] : 13 7 8 14 9 10 12 11 10 18 
X[34] : 20 9 17 16 7 15 14 11 10 8 
X[35] : 11 11 12 5 12 10 13 9 9 8 
X[36] : 17 7 13 10 13 8 10 15 10 10 
X[37] : 7 6 12 10 9 14 8 9 12 18 
X[38] : 2 11 14 13 12 12 7 10 12 11 
X[39] : 5 9 14 10 10 13 7 14 8 11 
X[40] : 19 13 11 10 9 12 7 11 11 8 
X[41] : 11 10 9 11 10 9 12 6 10 7 
X[42] : 12 14 12 11 17 8 15 10 11 10 
X[43] : 8 18 14 5 14 12 7 14 11 10 
X[44] : 7 9 8 7 8 14 15 11 11 17 
X[45] : 14 13 11 10 8 16 7 8 17 9 
X[46] : 13 10 13 9 15 12 2 10 12 10 
X[47] : 10 15 16 13 6 10 10 9 14 12 
X[48] : 12 17 12 9 10 6 14 11 8 6 
X[49] : 11 10 6 7 12 12 8 12 8 10 
X[50] : 4 1 4 1 3 4 1 5 3 4 
X[51] : 2 0 0 1 0 1 2 0 4 3 
X[52] : 3 2 1 2 1 1 2 0 1 3 
X[53] : 14 11 13 12 12 5 7 14 10 9 
X[54] : 12 9 9 9 10 9 12 12 15 16 
X[55] : 12 10 6 11 6 9 16 10 11 10 
X[56] : 12 16 4 10 6 13 14 12 7 13 
X[57] : 17 12 13 10 11 10 8 8 8 8 
X[58] : 12 8 7 17 14 12 12 15 12 9 
X[59] : 6 6 2 2 2 1 0 4 4 1 
X[60] : 11 12 8 10 23 14 10 9 9 9 
X[61] : 13 7 11 5 16 18 11 10 18 9 
X[62] : 3 2 3 3 0 1 1 2 2 3 
X[63] : 2 2 4 0 3 1 5 0 2 1 
X[64] : 5 1 4 0 2 4 1 2 4 2 
X[65] : 11 14 9 11 16 14 9 11 15 13 
X[66] : 10 11 12 9 14 3 8 8 9 8 
X[67] : 12 13 8 11 13 12 8 18 10 13 
X[68] : 9 9 8 13 13 8 9 9 15 8 
X[69] : 5 0 3 2 3 4 2 2 2 3 
X[70] : 11 8 9 8 12 7 4 11 8 11 
X[71] : 14 9 13 4 6 11 4 10 12 12 
X[72] : 7 7 12 6 10 14 12 10 10 3 
X[73] : 2 4 3 3 1 3 2 2 3 3 
X[74] : 3 2 0 4 3 5 2 0 4 3 
X[75] : 9 10 8 11 10 11 14 8 6 12 
X[76] : 21 7 10 16 6 6 17 8 12 11 
X[77] : 9 8 6 10 15 9 7 6 8 18 
X[78] : 12 14 11 9 16 7 7 4 10 11 
X[79] : 3 13 9 10 11 9 13 14 4 6 
X[80] : 10 15 7 7 13 5 10 6 8 9 
X[81] : 12 6 4 12 14 7 12 11 18 15 
X[82] : 14 13 8 17 14 12 9 11 12 13 
X[83] : 12 12 10 6 6 18 10 11 10 7 
X[84] : 13 8 10 11 5 7 9 10 13 13 
X[85] : 11 12 8 16 7 10 14 11 11 9 
X[86] : 10 16 8 8 12 7 9 13 17 8 
X[87] : 10 13 11 3 5 13 7 9 7 10 
X[88] : 8 13 12 15 11 10 14 7 9 12 
X[89] : 6 13 15 16 14 8 9 9 14 8 
X[90] : 13 9 15 13 12 11 15 9 20 14 
X[91] : 15 20 10 13 10 12 7 5 8 9 
X[92] : 11 8 15 11 12 13 14 8 7 10 
X[93] : 6 6 13 8 11 10 7 6 7 9 
X[94] : 4 11 10 10 13 9 8 19 9 10 
X[95] : 11 7 15 13 15 14 11 11 12 12 
X[96] : 9 8 6 6 7 9 13 6 10 12 
X[97] : 4 12 12 9 12 12 10 12 7 7 
X[98] : 11 12 12 14 18 11 5 15 10 5 
X[99] : 6 14 7 11 9 10 14 17 12 12 
