file : ./data/SimulationData/Protest/APDM-GridData-100-precen_0.1-noise_0-numCC_1_0.txt
trueSubGraph : [52, 51, 62, 63, 74, 73, 50, 59, 64, 69]
q : 0.8
lambda0 : 10.410134791852352
lambda1 : 10.039138606022494
lambda2 : 10.206842867396979
lambda3 : 10.450666689081324
lambda4 : 10.148229172061917
lambda5 : 10.088633572098152
lambda6 : 10.560857953725298
lambda7 : 10.87109580123295
lambda8 : 10.18093160236732
lambda9 : 10.274447726667841
lambda10 : 10.894119079397925
lambda11 : 10.299002314152716
lambda12 : 10.18300070878198
lambda13 : 10.530332722449579
lambda14 : 10.87801684967451
lambda15 : 10.487101987766504
lambda16 : 10.412839277460321
lambda17 : 10.185588094554648
lambda18 : 10.723855683813236
lambda19 : 10.769565683038774
lambda20 : 10.657787899808135
lambda21 : 10.171027224141909
lambda22 : 10.972806912315605
lambda23 : 10.387782537367185
lambda24 : 10.262949459956046
lambda25 : 10.928090612431774
lambda26 : 10.727183161936646
lambda27 : 10.822242996162023
lambda28 : 10.82986466908794
lambda29 : 10.555713887401023
lambda30 : 10.897595831121349
lambda31 : 10.515480700265744
lambda32 : 10.243167835468954
lambda33 : 10.739308652029152
lambda34 : 10.433423479935943
lambda35 : 10.921781932572035
lambda36 : 10.96015713536148
lambda37 : 10.994563034283745
lambda38 : 10.321796793018644
lambda39 : 10.358029288695871
lambda40 : 10.686405315452486
lambda41 : 10.828943884638113
lambda42 : 10.00452864093401
lambda43 : 10.498239583867159
lambda44 : 10.093192643002528
lambda45 : 10.684739694012906
lambda46 : 10.093001643111212
lambda47 : 10.140334390782694
lambda48 : 10.494766392470037
lambda49 : 10.166592071154794
lambda50 : 10.001979923475465
lambda51 : 10.224899462965046
lambda52 : 10.377445852162296
lambda53 : 10.929596550725204
lambda54 : 10.75375410248617
lambda55 : 10.484074585750442
lambda56 : 10.882204489378722
lambda57 : 10.767735074363856
lambda58 : 10.632058257135368
lambda59 : 10.39201966208958
lambda60 : 10.191202475217674
lambda61 : 10.08625909914394
lambda62 : 10.985836590940298
lambda63 : 10.886445111867609
lambda64 : 10.945969155836998
lambda65 : 10.85031502109364
lambda66 : 10.054383137664429
lambda67 : 10.102945498604893
lambda68 : 10.176106109428554
lambda69 : 10.217298516691
lambda70 : 10.119453930486577
lambda71 : 10.054926863253181
lambda72 : 10.930670305688139
lambda73 : 10.068550430006416
lambda74 : 10.920983851708536
lambda75 : 10.51610525569606
lambda76 : 10.240659408511574
lambda77 : 10.340017799853387
lambda78 : 10.65869439206826
lambda79 : 10.353957985171647
lambda80 : 10.534410991245009
lambda81 : 10.079439590919089
lambda82 : 10.727703447916463
lambda83 : 10.31208667684813
lambda84 : 10.531178411064362
lambda85 : 10.276081146003225
lambda86 : 10.815003684533758
lambda87 : 10.827981246424335
lambda88 : 10.360879650175068
lambda89 : 10.222127564379926
lambda90 : 10.498629823903544
lambda91 : 10.505943802508703
lambda92 : 10.242796128107592
lambda93 : 10.148103119914074
lambda94 : 10.847386121871354
lambda95 : 10.284174417305042
lambda96 : 10.774772166225716
lambda97 : 10.275142627586195
lambda98 : 10.508310208467101
lambda99 : 10.012800700561932
X[0] : 11 12 6 7 14 14 3 17 7 9 
X[1] : 8 5 14 9 11 5 6 10 11 5 
X[2] : 7 10 13 16 8 8 9 14 11 12 
X[3] : 8 12 15 11 15 21 14 9 6 9 
X[4] : 4 8 6 11 12 12 11 12 16 12 
X[5] : 14 9 8 10 6 12 13 8 11 12 
X[6] : 14 10 7 11 10 5 14 19 11 11 
X[7] : 14 17 12 17 15 8 9 10 9 10 
X[8] : 4 6 8 8 7 18 9 18 12 12 
X[9] : 9 7 10 8 9 12 9 9 9 14 
X[10] : 11 11 13 9 14 7 11 18 12 8 
X[11] : 12 9 11 4 18 11 9 11 9 11 
X[12] : 9 9 11 10 10 12 14 11 11 5 
X[13] : 10 8 16 14 10 11 10 11 5 12 
X[14] : 4 14 10 6 7 5 15 12 9 11 
X[15] : 15 9 4 11 5 14 14 11 12 9 
X[16] : 12 13 15 6 14 16 12 8 13 9 
X[17] : 6 12 8 11 10 10 11 9 10 12 
X[18] : 11 10 8 13 12 12 20 8 8 9 
X[19] : 9 13 13 13 11 7 6 9 12 4 
X[20] : 10 9 7 9 5 18 12 15 11 9 
X[21] : 14 14 6 6 5 14 12 9 10 12 
X[22] : 7 16 8 9 13 9 6 8 11 10 
X[23] : 6 9 5 10 15 10 16 6 11 7 
X[24] : 11 8 7 4 10 7 15 8 8 13 
X[25] : 9 9 9 9 10 10 8 17 6 5 
X[26] : 11 14 12 10 9 5 7 11 10 14 
X[27] : 11 13 12 4 12 6 6 9 10 11 
X[28] : 10 1 11 10 13 13 9 11 12 14 
X[29] : 4 9 8 12 11 14 10 11 16 16 
X[30] : 13 4 9 11 6 15 16 7 9 14 
X[31] : 10 12 5 12 7 12 14 9 17 7 
X[32] : 10 9 9 11 12 17 8 18 13 13 
X[33] : 17 15 11 10 8 13 11 12 4 12 
X[34] : 7 11 13 6 12 8 11 12 13 13 
X[35] : 14 10 12 9 14 10 12 16 13 8 
X[36] : 16 9 8 8 11 15 16 21 14 8 
X[37] : 9 10 3 15 11 9 11 9 14 9 
X[38] : 3 6 9 8 9 14 8 12 10 13 
X[39] : 10 13 12 10 11 12 11 5 9 11 
X[40] : 13 12 11 15 13 18 12 7 6 10 
X[41] : 10 15 16 9 5 10 13 13 12 12 
X[42] : 6 18 8 6 12 10 12 10 10 7 
X[43] : 7 13 10 11 10 16 13 11 10 8 
X[44] : 8 13 7 17 8 8 6 5 20 12 
X[45] : 9 15 7 8 5 9 10 10 7 16 
X[46] : 12 5 7 10 8 11 11 17 13 8 
X[47] : 13 4 10 8 12 12 8 7 6 8 
X[48] : 9 12 16 8 15 12 11 9 10 16 
X[49] : 12 7 5 12 12 10 9 7 10 8 
X[50] : 9 6 8 15 12 6 10 7 10 7 
X[51] : 10 6 5 8 13 5 7 4 7 14 
X[52] : 7 10 13 11 10 7 7 9 7 11 
X[53] : 8 14 17 13 13 5 16 12 8 7 
X[54] : 12 9 9 9 7 12 15 9 8 20 
X[55] : 6 13 11 11 8 10 10 6 6 10 
X[56] : 15 10 15 8 11 8 11 9 8 7 
X[57] : 5 10 9 16 8 11 11 7 14 12 
X[58] : 9 12 12 5 10 12 9 11 13 7 
X[59] : 14 8 8 6 6 4 2 7 8 5 
X[60] : 10 14 10 10 11 7 13 11 5 6 
X[61] : 11 8 12 8 12 14 6 11 7 9 
X[62] : 9 8 8 7 8 14 10 7 7 9 
X[63] : 12 9 5 6 8 9 12 12 11 9 
X[64] : 12 7 2 10 10 9 6 9 11 6 
X[65] : 12 6 15 11 8 7 8 12 8 9 
X[66] : 8 9 8 10 13 5 7 9 9 12 
X[67] : 10 13 10 15 11 10 7 10 10 10 
X[68] : 13 2 4 8 8 8 7 10 8 7 
X[69] : 5 6 15 12 15 9 9 9 8 5 
X[70] : 8 16 15 15 10 11 13 7 4 11 
X[71] : 11 16 13 11 11 14 10 8 12 8 
X[72] : 10 12 10 10 11 5 13 23 11 10 
X[73] : 6 12 10 7 8 9 7 7 9 9 
X[74] : 10 5 3 7 14 9 5 6 8 5 
X[75] : 15 13 9 10 10 7 5 8 13 12 
X[76] : 5 13 10 13 12 14 8 12 10 9 
X[77] : 10 9 6 13 5 12 9 15 13 6 
X[78] : 12 18 11 14 15 10 12 11 7 12 
X[79] : 13 5 14 10 8 9 11 13 5 11 
X[80] : 12 14 10 12 13 14 11 9 4 9 
X[81] : 3 15 10 7 6 12 7 13 9 15 
X[82] : 13 12 13 5 8 9 10 22 8 10 
X[83] : 16 11 11 12 12 11 7 10 8 9 
X[84] : 13 12 7 10 11 8 11 9 9 17 
X[85] : 11 10 9 16 7 9 11 13 9 12 
X[86] : 4 9 4 9 9 9 11 14 15 11 
X[87] : 11 12 7 7 11 5 11 12 16 5 
X[88] : 11 15 4 7 12 6 14 11 9 8 
X[89] : 14 14 17 13 10 14 15 9 11 20 
X[90] : 14 11 10 15 14 18 17 11 8 8 
X[91] : 11 12 12 16 14 12 14 7 14 10 
X[92] : 11 7 14 17 5 9 12 12 11 6 
X[93] : 9 15 11 7 5 10 5 11 9 9 
X[94] : 14 17 12 10 8 6 5 7 7 19 
X[95] : 15 10 7 10 8 12 8 9 16 8 
X[96] : 6 9 9 5 11 10 10 16 11 12 
X[97] : 5 10 9 6 10 3 11 7 7 18 
X[98] : 13 14 7 9 7 10 15 11 12 11 
X[99] : 10 11 17 16 7 12 11 9 14 15 
