file : ./data/SimulationData/Protest/APDM-GridData-100-precen_0.1-noise_0-numCC_1_0.txt
trueSubGraph : [51, 50, 62, 63, 64, 74, 59, 69, 73, 52]
q : 0.5
lambda0 : 10.451377414792967
lambda1 : 10.777625360125109
lambda2 : 10.832457912732348
lambda3 : 10.632035979887238
lambda4 : 10.043265808611034
lambda5 : 10.524987722397485
lambda6 : 10.998663169030513
lambda7 : 10.684792520504368
lambda8 : 10.711073456360147
lambda9 : 10.209470654544388
lambda10 : 10.049713022376203
lambda11 : 10.356907476431521
lambda12 : 10.431844937981992
lambda13 : 10.32469263269552
lambda14 : 10.928561338618593
lambda15 : 10.204115595373043
lambda16 : 10.591426264659756
lambda17 : 10.225494635949724
lambda18 : 10.156227758240913
lambda19 : 10.185614966592572
lambda20 : 10.217514020940943
lambda21 : 10.78995689032911
lambda22 : 10.334210414164659
lambda23 : 10.742100339133465
lambda24 : 10.528460329380241
lambda25 : 10.652255158244577
lambda26 : 10.321251193877098
lambda27 : 10.903385392171653
lambda28 : 10.703240049025123
lambda29 : 10.979813674477372
lambda30 : 10.198287040944415
lambda31 : 10.679190611985952
lambda32 : 10.903559146550307
lambda33 : 10.773454552368655
lambda34 : 10.941242352294369
lambda35 : 10.625974847295346
lambda36 : 10.129803515440102
lambda37 : 10.98162041260449
lambda38 : 10.758146253958834
lambda39 : 10.909893293138397
lambda40 : 10.234186075240089
lambda41 : 10.952512176577944
lambda42 : 10.683809674011565
lambda43 : 10.162085534948465
lambda44 : 10.32528632049688
lambda45 : 10.533592148256245
lambda46 : 10.165647211612882
lambda47 : 10.837657834570642
lambda48 : 10.293499971382086
lambda49 : 10.18685604331731
lambda50 : 10.609736828066884
lambda51 : 10.710896322704752
lambda52 : 10.596721391975212
lambda53 : 10.790492157509707
lambda54 : 10.548616254645117
lambda55 : 10.275237532062679
lambda56 : 10.334784588955301
lambda57 : 10.244104830822133
lambda58 : 10.402589857600303
lambda59 : 10.485161520182062
lambda60 : 10.884712562288803
lambda61 : 10.468742527485805
lambda62 : 10.476002962568419
lambda63 : 10.161518795693294
lambda64 : 10.629446026414032
lambda65 : 10.271234118615785
lambda66 : 10.609967827840247
lambda67 : 10.759061545118845
lambda68 : 10.290595576707958
lambda69 : 10.20832485848751
lambda70 : 10.255964820660418
lambda71 : 10.151295135613973
lambda72 : 10.81595224069776
lambda73 : 10.875071898564872
lambda74 : 10.00179598861796
lambda75 : 10.442485987727867
lambda76 : 10.21365219325046
lambda77 : 10.214844088556982
lambda78 : 10.09586141687609
lambda79 : 10.596357817641538
lambda80 : 10.61977743671658
lambda81 : 10.927567550289465
lambda82 : 10.271682561100587
lambda83 : 10.147383912729113
lambda84 : 10.43021817550128
lambda85 : 10.09612006576962
lambda86 : 10.495985087826623
lambda87 : 10.473719798095454
lambda88 : 10.212737958377536
lambda89 : 10.475365338862842
lambda90 : 10.637339607799776
lambda91 : 10.715485416119654
lambda92 : 10.8795563587829
lambda93 : 10.129262441925757
lambda94 : 10.561068987792416
lambda95 : 10.403711047607494
lambda96 : 10.588853668464093
lambda97 : 10.123418289377927
lambda98 : 10.130748028842014
lambda99 : 10.231562066365628
X[0] : 14 11 11 8 14 17 10 10 13 15 
X[1] : 12 14 12 12 9 10 12 8 9 8 
X[2] : 14 11 8 14 10 7 9 11 11 17 
X[3] : 13 10 12 6 12 11 8 6 10 8 
X[4] : 8 11 8 17 16 14 7 12 16 11 
X[5] : 14 10 11 10 14 13 12 11 10 11 
X[6] : 12 9 8 15 15 11 9 11 17 12 
X[7] : 22 11 11 9 8 17 11 12 12 7 
X[8] : 13 12 14 4 13 13 11 7 12 15 
X[9] : 8 9 7 13 11 12 13 16 12 12 
X[10] : 11 13 9 10 18 9 17 9 3 16 
X[11] : 7 16 13 10 11 9 11 12 9 10 
X[12] : 9 11 14 9 15 12 13 12 8 12 
X[13] : 17 9 11 11 11 13 8 11 11 5 
X[14] : 5 12 10 8 10 9 12 13 12 11 
X[15] : 6 13 12 16 7 14 6 6 10 8 
X[16] : 8 9 12 7 11 14 8 14 12 10 
X[17] : 7 10 8 11 10 9 13 9 6 7 
X[18] : 4 16 9 9 9 10 7 5 7 9 
X[19] : 10 14 17 11 13 15 13 15 10 4 
X[20] : 7 11 5 8 4 7 10 7 15 9 
X[21] : 11 8 6 11 11 17 13 7 12 9 
X[22] : 5 10 16 7 11 15 9 8 18 9 
X[23] : 9 12 11 10 7 11 12 8 10 12 
X[24] : 11 5 13 8 12 6 12 6 14 18 
X[25] : 14 8 18 10 9 9 9 10 8 6 
X[26] : 6 15 8 8 13 12 15 3 8 10 
X[27] : 11 10 10 8 15 11 4 8 12 12 
X[28] : 10 9 7 10 7 9 11 15 19 9 
X[29] : 4 7 6 12 11 12 16 11 13 11 
X[30] : 7 11 11 15 9 14 11 6 14 3 
X[31] : 3 8 12 17 11 6 11 9 7 10 
X[32] : 9 10 9 7 13 10 14 10 7 11 
X[33] : 10 13 10 11 11 8 11 10 11 15 
X[34] : 12 7 11 8 6 10 13 17 6 12 
X[35] : 7 10 10 9 9 17 9 7 10 7 
X[36] : 10 12 7 10 11 9 11 14 12 4 
X[37] : 8 17 12 15 14 15 18 9 14 12 
X[38] : 10 8 4 13 8 8 12 13 8 18 
X[39] : 16 12 15 10 8 17 10 13 8 12 
X[40] : 13 10 9 7 13 15 8 7 7 10 
X[41] : 8 9 7 10 15 13 20 9 11 6 
X[42] : 8 11 10 7 12 12 13 10 21 12 
X[43] : 12 12 18 10 10 9 8 12 11 9 
X[44] : 11 8 10 11 8 8 12 8 11 9 
X[45] : 11 8 13 6 9 14 8 7 5 8 
X[46] : 8 12 4 18 11 7 11 12 11 10 
X[47] : 11 9 9 13 7 9 9 14 8 8 
X[48] : 10 12 8 9 7 10 14 13 11 9 
X[49] : 14 7 12 9 14 8 12 11 5 14 
X[50] : 4 3 8 3 5 2 6 3 5 5 
X[51] : 7 3 1 9 4 4 5 7 4 6 
X[52] : 8 4 11 3 4 6 4 5 6 7 
X[53] : 8 12 8 6 11 8 11 12 19 13 
X[54] : 9 11 6 11 10 25 13 10 8 10 
X[55] : 9 5 16 11 6 10 15 16 10 12 
X[56] : 13 9 12 7 8 11 9 12 7 9 
X[57] : 13 12 16 15 7 10 8 8 8 9 
X[58] : 9 5 9 10 12 11 8 17 12 15 
X[59] : 5 5 2 2 3 3 6 5 6 6 
X[60] : 7 8 13 12 13 10 13 13 13 13 
X[61] : 8 16 9 8 15 14 9 12 9 13 
X[62] : 5 4 4 2 3 3 4 6 8 1 
X[63] : 6 5 7 1 9 3 6 8 7 5 
X[64] : 4 9 7 9 5 7 6 7 8 3 
X[65] : 12 8 8 13 9 7 15 9 6 10 
X[66] : 8 8 7 10 7 5 10 10 14 11 
X[67] : 12 7 12 11 4 16 18 8 8 11 
X[68] : 17 11 5 7 10 9 13 11 10 12 
X[69] : 6 3 6 5 3 5 6 2 2 6 
X[70] : 15 5 14 8 7 11 11 14 12 15 
X[71] : 6 11 12 12 13 8 8 6 15 8 
X[72] : 12 8 12 10 9 9 12 15 11 18 
X[73] : 6 6 6 7 5 7 3 8 3 10 
X[74] : 6 7 3 6 3 7 4 4 5 2 
X[75] : 10 8 16 12 9 9 13 6 10 10 
X[76] : 9 14 8 10 6 10 14 5 11 9 
X[77] : 12 6 12 13 7 6 13 7 14 6 
X[78] : 12 13 10 9 13 11 8 7 12 9 
X[79] : 12 9 12 13 12 12 15 8 15 14 
X[80] : 6 13 8 12 12 13 10 13 11 17 
X[81] : 6 14 11 9 17 20 12 11 14 13 
X[82] : 13 9 13 2 8 10 16 12 13 10 
X[83] : 13 10 10 16 7 11 7 11 7 6 
X[84] : 10 9 7 16 12 4 14 8 7 7 
X[85] : 10 11 8 7 14 9 14 7 8 12 
X[86] : 11 11 17 12 10 8 10 11 6 19 
X[87] : 4 8 12 10 8 9 15 9 12 16 
X[88] : 10 10 13 10 17 14 10 9 10 6 
X[89] : 7 8 11 8 9 9 13 13 12 10 
X[90] : 10 16 6 12 5 4 12 9 7 4 
X[91] : 15 6 12 14 6 9 8 14 8 7 
X[92] : 6 10 9 14 13 16 9 17 9 5 
X[93] : 9 10 11 7 10 10 9 14 11 8 
X[94] : 11 9 8 13 7 11 6 11 16 8 
X[95] : 10 12 7 9 11 15 7 11 13 3 
X[96] : 7 6 14 6 11 17 11 14 10 5 
X[97] : 8 7 15 6 9 9 11 4 16 11 
X[98] : 11 10 10 9 14 6 12 7 9 7 
X[99] : 7 5 13 13 9 10 12 10 11 8 
