file : ./data/SimulationData/Protest/APDM-GridData-100-precen_0.1-noise_0-numCC_1_0.txt
trueSubGraph : [62, 52, 63, 64, 51, 50, 59, 74, 73, 69]
q : 0.9
lambda0 : 10.047630738950593
lambda1 : 10.519054789955977
lambda2 : 10.766431314976465
lambda3 : 10.682617290142446
lambda4 : 10.945035327646886
lambda5 : 10.602538869740977
lambda6 : 10.093331096785828
lambda7 : 10.706869375749744
lambda8 : 10.360193403866317
lambda9 : 10.984447117295623
lambda10 : 10.989495287568463
lambda11 : 10.583779763758555
lambda12 : 10.417413227559093
lambda13 : 10.925826595924763
lambda14 : 10.71600346173668
lambda15 : 10.425670405208278
lambda16 : 10.070544512368418
lambda17 : 10.028143175055865
lambda18 : 10.44059551524819
lambda19 : 10.794793294543144
lambda20 : 10.136204695613415
lambda21 : 10.977193944187999
lambda22 : 10.816231387093644
lambda23 : 10.92677655972043
lambda24 : 10.047531395432062
lambda25 : 10.564092715113748
lambda26 : 10.840964503916483
lambda27 : 10.61321314373374
lambda28 : 10.386567423421571
lambda29 : 10.280395741875877
lambda30 : 10.488800413599769
lambda31 : 10.23357676890146
lambda32 : 10.16601812828454
lambda33 : 10.319168323371347
lambda34 : 10.713794363346693
lambda35 : 10.624709627293974
lambda36 : 10.826427666073533
lambda37 : 10.08433006843711
lambda38 : 10.429747429586149
lambda39 : 10.338432141351465
lambda40 : 10.449629442900509
lambda41 : 10.940996889922031
lambda42 : 10.40081597830969
lambda43 : 10.78819912024011
lambda44 : 10.160171423100259
lambda45 : 10.612070203984226
lambda46 : 10.934929118834642
lambda47 : 10.83054706844058
lambda48 : 10.724192594097161
lambda49 : 10.087503204360353
lambda50 : 10.921910721661414
lambda51 : 10.941788450834068
lambda52 : 10.117566967715263
lambda53 : 10.73807641155456
lambda54 : 10.648736949162972
lambda55 : 10.371826757427876
lambda56 : 10.10281239628654
lambda57 : 10.33764674010825
lambda58 : 10.070478144060315
lambda59 : 10.811038909784832
lambda60 : 10.445838431004105
lambda61 : 10.725956726986688
lambda62 : 10.092726921081015
lambda63 : 10.92392171281364
lambda64 : 10.763172897830316
lambda65 : 10.740790037363595
lambda66 : 10.270135391135224
lambda67 : 10.986678584428681
lambda68 : 10.11290689699099
lambda69 : 10.223957345544127
lambda70 : 10.865393147362603
lambda71 : 10.250534130080739
lambda72 : 10.828549786789635
lambda73 : 10.557527909145973
lambda74 : 10.503093009927815
lambda75 : 10.48961048849886
lambda76 : 10.44386177740047
lambda77 : 10.396542263250817
lambda78 : 10.528011157207644
lambda79 : 10.65033551930705
lambda80 : 10.563983417203682
lambda81 : 10.937430959297298
lambda82 : 10.668246416199642
lambda83 : 10.47833120444647
lambda84 : 10.509210481626157
lambda85 : 10.805114915762488
lambda86 : 10.093737673706373
lambda87 : 10.493826358068784
lambda88 : 10.86312803043415
lambda89 : 10.49161233004186
lambda90 : 10.71247170625221
lambda91 : 10.132347310537122
lambda92 : 10.976554614429624
lambda93 : 10.190812531524553
lambda94 : 10.94958267212828
lambda95 : 10.700545919016774
lambda96 : 10.803362747371008
lambda97 : 10.628102953521651
lambda98 : 10.195741770646771
lambda99 : 10.728425965794248
X[0] : 15 11 9 18 10 7 8 13 6 14 
X[1] : 11 11 5 15 6 11 14 8 14 15 
X[2] : 10 11 13 10 9 10 14 13 11 12 
X[3] : 15 12 10 7 10 6 8 13 11 11 
X[4] : 10 8 10 11 7 6 5 8 8 12 
X[5] : 13 10 15 13 7 9 6 11 13 12 
X[6] : 5 6 15 15 16 6 10 10 11 8 
X[7] : 12 12 8 11 12 13 8 15 12 6 
X[8] : 12 9 14 7 12 9 8 9 11 7 
X[9] : 14 14 11 15 5 13 6 5 9 9 
X[10] : 9 14 11 11 14 9 11 10 9 10 
X[11] : 5 5 9 6 4 16 8 7 12 13 
X[12] : 7 9 11 13 13 10 15 11 15 15 
X[13] : 11 9 8 14 10 8 10 13 13 8 
X[14] : 11 9 8 4 11 17 8 8 8 11 
X[15] : 13 14 12 11 5 7 2 13 18 16 
X[16] : 8 9 8 7 12 9 12 10 12 12 
X[17] : 9 14 10 14 5 12 4 7 14 9 
X[18] : 7 15 21 15 14 7 7 8 9 10 
X[19] : 9 14 9 9 12 9 7 13 13 10 
X[20] : 8 12 10 3 8 10 10 7 7 7 
X[21] : 14 6 13 12 11 12 12 16 10 18 
X[22] : 14 15 14 9 14 16 14 11 8 13 
X[23] : 10 13 15 11 13 7 10 11 9 7 
X[24] : 6 12 19 8 18 9 10 13 8 9 
X[25] : 13 10 10 15 12 12 13 9 12 12 
X[26] : 10 7 2 5 9 12 6 15 7 8 
X[27] : 5 10 7 10 10 9 13 12 4 12 
X[28] : 13 9 9 7 16 13 9 13 10 6 
X[29] : 6 9 7 16 7 6 6 14 13 11 
X[30] : 8 13 12 8 10 11 12 11 11 9 
X[31] : 16 12 5 8 11 3 15 15 15 14 
X[32] : 11 7 7 8 10 12 14 11 10 12 
X[33] : 11 9 14 10 7 12 8 12 8 6 
X[34] : 3 9 16 10 9 6 11 12 8 7 
X[35] : 18 17 14 12 9 9 11 7 8 12 
X[36] : 7 9 12 12 16 16 13 12 10 10 
X[37] : 17 17 14 9 12 9 17 8 12 17 
X[38] : 7 7 7 10 7 13 5 7 9 11 
X[39] : 10 10 14 9 7 8 14 7 4 8 
X[40] : 11 7 10 11 14 10 10 19 9 5 
X[41] : 12 6 12 11 11 15 12 10 14 14 
X[42] : 13 9 11 11 11 18 10 11 13 8 
X[43] : 11 16 5 13 8 13 11 13 12 11 
X[44] : 12 6 7 6 7 6 20 8 15 2 
X[45] : 7 10 16 9 13 6 12 14 10 14 
X[46] : 10 8 8 10 12 7 11 9 11 11 
X[47] : 9 9 15 13 16 8 11 11 11 18 
X[48] : 7 8 6 6 16 13 11 10 9 15 
X[49] : 11 5 6 11 12 12 16 16 9 10 
X[50] : 13 7 12 14 6 14 8 10 7 7 
X[51] : 13 7 11 10 6 6 8 8 20 8 
X[52] : 12 12 5 5 7 8 7 7 3 6 
X[53] : 8 4 10 7 14 10 13 8 9 12 
X[54] : 12 15 11 17 7 10 10 10 7 14 
X[55] : 6 7 15 9 13 16 6 17 17 15 
X[56] : 8 9 9 8 7 11 16 11 10 4 
X[57] : 11 14 17 10 6 9 12 10 14 11 
X[58] : 10 7 7 9 8 14 4 7 12 10 
X[59] : 8 11 12 7 6 12 6 9 10 10 
X[60] : 11 9 13 8 9 10 12 9 7 7 
X[61] : 12 10 8 10 8 11 8 12 19 10 
X[62] : 12 11 9 9 8 7 6 6 4 9 
X[63] : 6 8 13 9 9 10 13 14 5 8 
X[64] : 10 13 9 6 8 12 10 12 11 17 
X[65] : 11 9 7 10 9 13 10 8 12 11 
X[66] : 5 8 16 9 8 17 8 15 9 10 
X[67] : 7 11 13 10 14 6 17 10 12 11 
X[68] : 9 8 9 11 12 8 5 6 9 11 
X[69] : 17 11 9 6 11 9 10 6 8 9 
X[70] : 10 9 13 6 11 8 12 11 16 10 
X[71] : 11 6 14 10 9 9 9 18 11 9 
X[72] : 16 11 10 7 5 11 11 8 14 8 
X[73] : 8 13 9 7 13 9 9 5 14 8 
X[74] : 8 10 10 11 12 9 7 8 7 11 
X[75] : 8 17 10 13 11 11 9 9 10 6 
X[76] : 6 12 7 13 12 8 11 7 14 11 
X[77] : 7 5 7 9 8 11 11 9 14 16 
X[78] : 8 9 12 14 14 9 10 12 13 11 
X[79] : 11 10 11 9 11 7 12 8 6 8 
X[80] : 11 19 10 10 13 7 9 8 9 10 
X[81] : 10 8 8 12 19 7 12 12 9 10 
X[82] : 16 16 16 13 10 10 9 11 18 11 
X[83] : 7 9 11 13 8 9 9 15 11 12 
X[84] : 8 4 8 13 10 16 17 11 11 4 
X[85] : 5 13 10 13 10 12 11 8 9 12 
X[86] : 7 10 8 8 8 7 7 10 10 4 
X[87] : 10 9 11 10 11 21 7 10 5 14 
X[88] : 8 12 9 16 12 11 8 15 12 8 
X[89] : 15 11 8 5 10 11 13 9 10 15 
X[90] : 14 12 10 15 11 10 15 12 11 16 
X[91] : 7 13 12 6 12 12 6 13 8 6 
X[92] : 9 12 16 7 7 10 18 11 9 11 
X[93] : 8 3 8 5 10 11 18 15 8 10 
X[94] : 10 9 10 15 13 13 9 14 11 11 
X[95] : 11 12 7 5 11 9 14 11 10 12 
X[96] : 11 13 9 6 14 7 16 13 7 5 
X[97] : 15 4 9 14 11 12 12 9 6 12 
X[98] : 4 13 7 12 12 14 4 11 8 8 
X[99] : 7 12 11 15 3 9 8 9 17 6 
