#################################################################
#APDM Input Graph, this input graph includes 3 sections:
#section1 : general information
#section2 : nodes
#section3 : edges
#section4 : trueSubGraph (Optional)
#
#if nodes haven't information set weight to null
#################################################################
SECTION1 (General Information)
numNodes = 100
numEdges = 200
usedAlgorithm = Test
dataSource = GridData
END
#################################################################
SECTION2 (Nodes Information)
NodeID Base Counts
0 5.136356 6.393033656157977
1 5.346340 5.362586106741228
2 5.429965 4.100204383363933
3 4.934536 4.187043912550241
4 5.088228 4.2732662206542
5 5.315692 3.2792881489866588
6 4.575592 4.670885886497568
7 4.766261 5.601160630589491
8 4.643828 5.2937437245701755
9 4.724825 6.761915719013423
10 4.848159 5.2938995363994215
11 5.383095 4.942235900161886
12 4.963119 5.465232290541417
13 4.503212 6.945150822155998
14 5.273913 5.0311494284504095
15 4.546346 6.631960820790134
16 4.786179 2.759631587811333
17 4.480574 4.749728979657217
18 5.503225 6.087313287194144
19 5.298874 4.9635294943781405
20 5.294028 4.175087535598451
21 4.940114 3.0557313198650298
22 5.417712 3.795315908389708
23 5.419408 4.84141143805405
24 5.073927 6.73644936282061
25 4.682305 5.470302350545748
26 5.101940 4.433143565582569
27 5.439887 4.218225738000456
28 5.340181 4.281806610926156
29 4.659951 4.86911020733408
30 5.018616 5.571930795967289
31 4.676909 4.379440778480705
32 5.010314 5.038767947363071
33 4.276719 4.850076497054433
34 4.447716 20.16193871526967
35 5.228686 20.390683141439133
36 4.983423 20.908273052902683
37 5.554748 6.363234920863892
38 5.324373 3.951057532884316
39 5.198132 2.9004683205400963
40 5.433164 6.558935090667619
41 4.875847 4.088967427476398
42 5.019717 3.3835861486662866
43 4.739934 4.669139012724578
44 4.748239 19.39325756289835
45 4.699653 20.912895417462767
46 5.142491 18.561019209630786
47 4.779572 3.218518182143141
48 5.163549 4.17861387644831
49 4.729565 5.2753435930177215
50 5.050313 3.076962286163324
51 4.691577 5.680617325838472
52 4.990571 4.356462141134796
53 4.731010 6.514946879944371
54 4.790598 7.062011690626525
55 5.243633 19.152761949263613
56 5.376523 20.01518026714464
57 5.087791 19.750398440677845
58 5.122360 7.491770839857346
59 4.976973 5.107356148676922
60 5.193508 6.333682485172199
61 4.898921 5.312928687330942
62 4.845334 4.292521617894213
63 4.918314 4.245066508516404
64 5.304102 4.967861278440487
65 4.924743 19.629391628955894
66 5.017077 20.88353105277573
67 5.327937 19.546453077594677
68 4.851459 5.423014130306667
69 5.141795 4.852690542883097
70 4.875184 21.785671522659484
71 4.829988 4.624721839096698
72 5.088229 7.256100866134109
73 4.864447 4.994027390929095
74 5.693614 4.431803151751458
75 4.718770 4.490771279545801
76 5.217666 5.406465978374404
77 4.865108 19.34704318556335
78 4.943922 20.664739844325492
79 5.230554 20.50079216321033
80 4.989529 20.711679397589332
81 4.636226 19.87736675325514
82 5.214901 3.2463314188837673
83 5.287418 4.892100791515215
84 4.844403 4.688498421128083
85 5.098768 3.9476951773791953
86 5.128327 6.814611252922755
87 5.299648 19.847253482359385
88 4.931377 20.022638022274357
89 4.287014 5.701154518017833
90 5.116183 4.359642943390257
91 5.354528 5.302699053098249
92 5.139330 4.823173946612998
93 5.164644 4.859043242151964
94 4.921829 3.0057628992348686
95 5.076276 5.479539696131912
96 4.353282 4.880651658778219
97 5.202140 6.527582453653186
98 5.261087 3.8840099191325845
99 5.021564 6.168235662746806
END
#################################################################
SECTION3 (Edges Information)
EndPoint0 EndPoint1 Weight
0 1 1.000000
0 9 1.000000
0 10 1.000000
0 90 1.000000
1 0 1.000000
1 2 1.000000
1 11 1.000000
1 91 1.000000
2 1 1.000000
2 3 1.000000
2 12 1.000000
2 92 1.000000
3 2 1.000000
3 4 1.000000
3 13 1.000000
3 93 1.000000
4 3 1.000000
4 5 1.000000
4 14 1.000000
4 94 1.000000
5 4 1.000000
5 6 1.000000
5 15 1.000000
5 95 1.000000
6 5 1.000000
6 7 1.000000
6 16 1.000000
6 96 1.000000
7 6 1.000000
7 8 1.000000
7 17 1.000000
7 97 1.000000
8 7 1.000000
8 9 1.000000
8 18 1.000000
8 98 1.000000
9 0 1.000000
9 8 1.000000
9 19 1.000000
9 99 1.000000
10 0 1.000000
10 11 1.000000
10 19 1.000000
10 20 1.000000
11 1 1.000000
11 10 1.000000
11 12 1.000000
11 21 1.000000
12 2 1.000000
12 11 1.000000
12 13 1.000000
12 22 1.000000
13 3 1.000000
13 12 1.000000
13 14 1.000000
13 23 1.000000
14 4 1.000000
14 13 1.000000
14 15 1.000000
14 24 1.000000
15 5 1.000000
15 14 1.000000
15 16 1.000000
15 25 1.000000
16 6 1.000000
16 15 1.000000
16 17 1.000000
16 26 1.000000
17 7 1.000000
17 16 1.000000
17 18 1.000000
17 27 1.000000
18 8 1.000000
18 17 1.000000
18 19 1.000000
18 28 1.000000
19 9 1.000000
19 10 1.000000
19 18 1.000000
19 29 1.000000
20 10 1.000000
20 21 1.000000
20 29 1.000000
20 30 1.000000
21 11 1.000000
21 20 1.000000
21 22 1.000000
21 31 1.000000
22 12 1.000000
22 21 1.000000
22 23 1.000000
22 32 1.000000
23 13 1.000000
23 22 1.000000
23 24 1.000000
23 33 1.000000
24 14 1.000000
24 23 1.000000
24 25 1.000000
24 34 1.000000
25 15 1.000000
25 24 1.000000
25 26 1.000000
25 35 1.000000
26 16 1.000000
26 25 1.000000
26 27 1.000000
26 36 1.000000
27 17 1.000000
27 26 1.000000
27 28 1.000000
27 37 1.000000
28 18 1.000000
28 27 1.000000
28 29 1.000000
28 38 1.000000
29 19 1.000000
29 20 1.000000
29 28 1.000000
29 39 1.000000
30 20 1.000000
30 31 1.000000
30 39 1.000000
30 40 1.000000
31 21 1.000000
31 30 1.000000
31 32 1.000000
31 41 1.000000
32 22 1.000000
32 31 1.000000
32 33 1.000000
32 42 1.000000
33 23 1.000000
33 32 1.000000
33 34 1.000000
33 43 1.000000
34 24 1.000000
34 33 1.000000
34 35 1.000000
34 44 1.000000
35 25 1.000000
35 34 1.000000
35 36 1.000000
35 45 1.000000
36 26 1.000000
36 35 1.000000
36 37 1.000000
36 46 1.000000
37 27 1.000000
37 36 1.000000
37 38 1.000000
37 47 1.000000
38 28 1.000000
38 37 1.000000
38 39 1.000000
38 48 1.000000
39 29 1.000000
39 30 1.000000
39 38 1.000000
39 49 1.000000
40 30 1.000000
40 41 1.000000
40 49 1.000000
40 50 1.000000
41 31 1.000000
41 40 1.000000
41 42 1.000000
41 51 1.000000
42 32 1.000000
42 41 1.000000
42 43 1.000000
42 52 1.000000
43 33 1.000000
43 42 1.000000
43 44 1.000000
43 53 1.000000
44 34 1.000000
44 43 1.000000
44 45 1.000000
44 54 1.000000
45 35 1.000000
45 44 1.000000
45 46 1.000000
45 55 1.000000
46 36 1.000000
46 45 1.000000
46 47 1.000000
46 56 1.000000
47 37 1.000000
47 46 1.000000
47 48 1.000000
47 57 1.000000
48 38 1.000000
48 47 1.000000
48 49 1.000000
48 58 1.000000
49 39 1.000000
49 40 1.000000
49 48 1.000000
49 59 1.000000
50 40 1.000000
50 51 1.000000
50 59 1.000000
50 60 1.000000
51 41 1.000000
51 50 1.000000
51 52 1.000000
51 61 1.000000
52 42 1.000000
52 51 1.000000
52 53 1.000000
52 62 1.000000
53 43 1.000000
53 52 1.000000
53 54 1.000000
53 63 1.000000
54 44 1.000000
54 53 1.000000
54 55 1.000000
54 64 1.000000
55 45 1.000000
55 54 1.000000
55 56 1.000000
55 65 1.000000
56 46 1.000000
56 55 1.000000
56 57 1.000000
56 66 1.000000
57 47 1.000000
57 56 1.000000
57 58 1.000000
57 67 1.000000
58 48 1.000000
58 57 1.000000
58 59 1.000000
58 68 1.000000
59 49 1.000000
59 50 1.000000
59 58 1.000000
59 69 1.000000
60 50 1.000000
60 61 1.000000
60 69 1.000000
60 70 1.000000
61 51 1.000000
61 60 1.000000
61 62 1.000000
61 71 1.000000
62 52 1.000000
62 61 1.000000
62 63 1.000000
62 72 1.000000
63 53 1.000000
63 62 1.000000
63 64 1.000000
63 73 1.000000
64 54 1.000000
64 63 1.000000
64 65 1.000000
64 74 1.000000
65 55 1.000000
65 64 1.000000
65 66 1.000000
65 75 1.000000
66 56 1.000000
66 65 1.000000
66 67 1.000000
66 76 1.000000
67 57 1.000000
67 66 1.000000
67 68 1.000000
67 77 1.000000
68 58 1.000000
68 67 1.000000
68 69 1.000000
68 78 1.000000
69 59 1.000000
69 60 1.000000
69 68 1.000000
69 79 1.000000
70 60 1.000000
70 71 1.000000
70 79 1.000000
70 80 1.000000
71 61 1.000000
71 70 1.000000
71 72 1.000000
71 81 1.000000
72 62 1.000000
72 71 1.000000
72 73 1.000000
72 82 1.000000
73 63 1.000000
73 72 1.000000
73 74 1.000000
73 83 1.000000
74 64 1.000000
74 73 1.000000
74 75 1.000000
74 84 1.000000
75 65 1.000000
75 74 1.000000
75 76 1.000000
75 85 1.000000
76 66 1.000000
76 75 1.000000
76 77 1.000000
76 86 1.000000
77 67 1.000000
77 76 1.000000
77 78 1.000000
77 87 1.000000
78 68 1.000000
78 77 1.000000
78 79 1.000000
78 88 1.000000
79 69 1.000000
79 70 1.000000
79 78 1.000000
79 89 1.000000
80 70 1.000000
80 81 1.000000
80 89 1.000000
80 90 1.000000
81 71 1.000000
81 80 1.000000
81 82 1.000000
81 91 1.000000
82 72 1.000000
82 81 1.000000
82 83 1.000000
82 92 1.000000
83 73 1.000000
83 82 1.000000
83 84 1.000000
83 93 1.000000
84 74 1.000000
84 83 1.000000
84 85 1.000000
84 94 1.000000
85 75 1.000000
85 84 1.000000
85 86 1.000000
85 95 1.000000
86 76 1.000000
86 85 1.000000
86 87 1.000000
86 96 1.000000
87 77 1.000000
87 86 1.000000
87 88 1.000000
87 97 1.000000
88 78 1.000000
88 87 1.000000
88 89 1.000000
88 98 1.000000
89 79 1.000000
89 80 1.000000
89 88 1.000000
89 99 1.000000
90 0 1.000000
90 80 1.000000
90 91 1.000000
90 99 1.000000
91 1 1.000000
91 81 1.000000
91 90 1.000000
91 92 1.000000
92 2 1.000000
92 82 1.000000
92 91 1.000000
92 93 1.000000
93 3 1.000000
93 83 1.000000
93 92 1.000000
93 94 1.000000
94 4 1.000000
94 84 1.000000
94 93 1.000000
94 95 1.000000
95 5 1.000000
95 85 1.000000
95 94 1.000000
95 96 1.000000
96 6 1.000000
96 86 1.000000
96 95 1.000000
96 97 1.000000
97 7 1.000000
97 87 1.000000
97 96 1.000000
97 98 1.000000
98 8 1.000000
98 88 1.000000
98 97 1.000000
98 99 1.000000
99 9 1.000000
99 89 1.000000
99 90 1.000000
99 98 1.000000
END
#################################################################
SECTION4 (TrueSubGraph Information)
EndPoint0 EndPoint1 Weight
44 34 1.0
34 35 1.0
35 36 1.0
36 46 1.0
46 45 1.0
45 55 1.0
55 65 1.0
65 66 1.0
66 56 1.0
56 57 1.0
57 67 1.0
67 77 1.0
77 87 1.0
87 88 1.0
88 78 1.0
78 79 1.0
79 70 1.0
70 80 1.0
80 81 1.0
END
#################################################################
