#################################################################
#APDM Input Graph, this input graph includes 3 sections:
#section1 : general information
#section2 : nodes
#section3 : edges
#section4 : trueSubGraph (Optional)
#
#if nodes haven't information set weight to null
#################################################################
SECTION1 (General Information)
numNodes = 100
numEdges = 200
usedAlgorithm = Test
dataSource = GridData
END
#################################################################
SECTION2 (Nodes Information)
NodeID Base Counts
0 4.668421 20.243166823897784
1 5.352083 3.8469685686432036
2 4.804694 3.7199649396248207
3 5.037797 5.839200408201629
4 4.348427 5.736513228256733
5 4.790399 6.557390564077573
6 4.509527 5.438211256804568
7 4.609267 20.405694097561195
8 5.134874 21.996562215501438
9 5.396081 4.357535772973992
10 5.215056 21.009851496831292
11 4.740159 4.908170665353194
12 4.920756 4.269220899690994
13 4.885914 5.360434935697501
14 5.415309 7.296202592723592
15 5.130385 5.6583178367806894
16 4.631100 3.1476087856474004
17 3.757951 20.56998366995125
18 4.680183 5.790847144382209
19 4.914120 7.194525059707952
20 5.167383 20.126115125091143
21 5.206252 17.64406919057725
22 5.174328 20.355535645448917
23 5.568050 20.895161220161164
24 4.903832 20.286684353547756
25 5.426748 5.70733595388414
26 5.775611 20.39298746318162
27 5.214630 19.84097996055769
28 4.821345 4.404660040847078
29 5.085580 6.089642331308232
30 5.037891 3.8098167454249037
31 5.433644 19.613340055214664
32 4.677561 20.036862635922176
33 5.437296 19.96060629714834
34 4.795908 19.03915101157805
35 5.087739 4.989533789480915
36 4.922297 3.6390513028019935
37 5.408417 5.51590021560305
38 4.977987 5.9190222699789725
39 4.875104 3.8384217024435356
40 4.508117 5.647533836094081
41 4.950038 19.074326244252013
42 5.122097 19.942328325023123
43 4.748709 20.768110704782046
44 4.977151 20.720564776466475
45 5.103761 5.653349013901983
46 4.989944 4.630225801290593
47 4.701945 5.646795415080221
48 4.961647 4.037130957470401
49 4.955628 4.809814499217768
50 4.301803 5.804911788035921
51 4.825565 4.622369459162152
52 5.252403 2.6450846632252913
53 5.228571 5.787047696498207
54 5.290991 19.8308279966636
55 4.949765 5.32997825855147
56 5.075133 3.4968806704676876
57 4.963981 4.03201327254301
58 4.967541 3.3943451099158173
59 4.734541 5.058832221778996
60 5.312546 4.440627594645187
61 4.661077 5.702071783354382
62 4.963188 3.1894584475991947
63 4.734168 4.014288426449203
64 5.269964 20.49666391103557
65 5.521026 6.13097812579208
66 5.094920 6.965703309520223
67 5.231862 2.8488844053471927
68 5.043408 6.360874844774304
69 5.059905 4.154285871086248
70 5.549694 4.837024074702021
71 5.619982 4.859987470394573
72 4.670230 3.3625610784902897
73 5.299288 4.267231988172511
74 4.815632 20.584683512880833
75 4.910535 20.47883543345407
76 5.002977 19.544816476915205
77 5.082337 5.580229483697954
78 4.821654 5.604136898707188
79 4.698373 4.111375189716592
80 4.671539 21.156750849919643
81 5.068511 4.915671873231925
82 5.023233 3.901873956573713
83 4.583655 4.424141663679075
84 5.133661 2.710458198686427
85 4.898415 5.422456584936082
86 5.078251 3.9734867090594737
87 4.881645 5.009353658010484
88 4.856557 3.3434342063388014
89 5.331672 17.854776993193557
90 5.242306 20.20935194036477
91 4.925407 4.981206728236239
92 4.870346 5.158089601808599
93 5.068453 5.377303111619154
94 5.138011 3.806590234643364
95 4.698812 4.742875826573953
96 4.922135 5.264809849983865
97 5.206958 6.27220470700502
98 5.080139 19.86351450510845
99 5.446070 20.45388453019427
END
#################################################################
SECTION3 (Edges Information)
EndPoint0 EndPoint1 Weight
0 1 1.000000
0 9 1.000000
0 10 1.000000
0 90 1.000000
1 0 1.000000
1 2 1.000000
1 11 1.000000
1 91 1.000000
2 1 1.000000
2 3 1.000000
2 12 1.000000
2 92 1.000000
3 2 1.000000
3 4 1.000000
3 13 1.000000
3 93 1.000000
4 3 1.000000
4 5 1.000000
4 14 1.000000
4 94 1.000000
5 4 1.000000
5 6 1.000000
5 15 1.000000
5 95 1.000000
6 5 1.000000
6 7 1.000000
6 16 1.000000
6 96 1.000000
7 6 1.000000
7 8 1.000000
7 17 1.000000
7 97 1.000000
8 7 1.000000
8 9 1.000000
8 18 1.000000
8 98 1.000000
9 0 1.000000
9 8 1.000000
9 19 1.000000
9 99 1.000000
10 0 1.000000
10 11 1.000000
10 19 1.000000
10 20 1.000000
11 1 1.000000
11 10 1.000000
11 12 1.000000
11 21 1.000000
12 2 1.000000
12 11 1.000000
12 13 1.000000
12 22 1.000000
13 3 1.000000
13 12 1.000000
13 14 1.000000
13 23 1.000000
14 4 1.000000
14 13 1.000000
14 15 1.000000
14 24 1.000000
15 5 1.000000
15 14 1.000000
15 16 1.000000
15 25 1.000000
16 6 1.000000
16 15 1.000000
16 17 1.000000
16 26 1.000000
17 7 1.000000
17 16 1.000000
17 18 1.000000
17 27 1.000000
18 8 1.000000
18 17 1.000000
18 19 1.000000
18 28 1.000000
19 9 1.000000
19 10 1.000000
19 18 1.000000
19 29 1.000000
20 10 1.000000
20 21 1.000000
20 29 1.000000
20 30 1.000000
21 11 1.000000
21 20 1.000000
21 22 1.000000
21 31 1.000000
22 12 1.000000
22 21 1.000000
22 23 1.000000
22 32 1.000000
23 13 1.000000
23 22 1.000000
23 24 1.000000
23 33 1.000000
24 14 1.000000
24 23 1.000000
24 25 1.000000
24 34 1.000000
25 15 1.000000
25 24 1.000000
25 26 1.000000
25 35 1.000000
26 16 1.000000
26 25 1.000000
26 27 1.000000
26 36 1.000000
27 17 1.000000
27 26 1.000000
27 28 1.000000
27 37 1.000000
28 18 1.000000
28 27 1.000000
28 29 1.000000
28 38 1.000000
29 19 1.000000
29 20 1.000000
29 28 1.000000
29 39 1.000000
30 20 1.000000
30 31 1.000000
30 39 1.000000
30 40 1.000000
31 21 1.000000
31 30 1.000000
31 32 1.000000
31 41 1.000000
32 22 1.000000
32 31 1.000000
32 33 1.000000
32 42 1.000000
33 23 1.000000
33 32 1.000000
33 34 1.000000
33 43 1.000000
34 24 1.000000
34 33 1.000000
34 35 1.000000
34 44 1.000000
35 25 1.000000
35 34 1.000000
35 36 1.000000
35 45 1.000000
36 26 1.000000
36 35 1.000000
36 37 1.000000
36 46 1.000000
37 27 1.000000
37 36 1.000000
37 38 1.000000
37 47 1.000000
38 28 1.000000
38 37 1.000000
38 39 1.000000
38 48 1.000000
39 29 1.000000
39 30 1.000000
39 38 1.000000
39 49 1.000000
40 30 1.000000
40 41 1.000000
40 49 1.000000
40 50 1.000000
41 31 1.000000
41 40 1.000000
41 42 1.000000
41 51 1.000000
42 32 1.000000
42 41 1.000000
42 43 1.000000
42 52 1.000000
43 33 1.000000
43 42 1.000000
43 44 1.000000
43 53 1.000000
44 34 1.000000
44 43 1.000000
44 45 1.000000
44 54 1.000000
45 35 1.000000
45 44 1.000000
45 46 1.000000
45 55 1.000000
46 36 1.000000
46 45 1.000000
46 47 1.000000
46 56 1.000000
47 37 1.000000
47 46 1.000000
47 48 1.000000
47 57 1.000000
48 38 1.000000
48 47 1.000000
48 49 1.000000
48 58 1.000000
49 39 1.000000
49 40 1.000000
49 48 1.000000
49 59 1.000000
50 40 1.000000
50 51 1.000000
50 59 1.000000
50 60 1.000000
51 41 1.000000
51 50 1.000000
51 52 1.000000
51 61 1.000000
52 42 1.000000
52 51 1.000000
52 53 1.000000
52 62 1.000000
53 43 1.000000
53 52 1.000000
53 54 1.000000
53 63 1.000000
54 44 1.000000
54 53 1.000000
54 55 1.000000
54 64 1.000000
55 45 1.000000
55 54 1.000000
55 56 1.000000
55 65 1.000000
56 46 1.000000
56 55 1.000000
56 57 1.000000
56 66 1.000000
57 47 1.000000
57 56 1.000000
57 58 1.000000
57 67 1.000000
58 48 1.000000
58 57 1.000000
58 59 1.000000
58 68 1.000000
59 49 1.000000
59 50 1.000000
59 58 1.000000
59 69 1.000000
60 50 1.000000
60 61 1.000000
60 69 1.000000
60 70 1.000000
61 51 1.000000
61 60 1.000000
61 62 1.000000
61 71 1.000000
62 52 1.000000
62 61 1.000000
62 63 1.000000
62 72 1.000000
63 53 1.000000
63 62 1.000000
63 64 1.000000
63 73 1.000000
64 54 1.000000
64 63 1.000000
64 65 1.000000
64 74 1.000000
65 55 1.000000
65 64 1.000000
65 66 1.000000
65 75 1.000000
66 56 1.000000
66 65 1.000000
66 67 1.000000
66 76 1.000000
67 57 1.000000
67 66 1.000000
67 68 1.000000
67 77 1.000000
68 58 1.000000
68 67 1.000000
68 69 1.000000
68 78 1.000000
69 59 1.000000
69 60 1.000000
69 68 1.000000
69 79 1.000000
70 60 1.000000
70 71 1.000000
70 79 1.000000
70 80 1.000000
71 61 1.000000
71 70 1.000000
71 72 1.000000
71 81 1.000000
72 62 1.000000
72 71 1.000000
72 73 1.000000
72 82 1.000000
73 63 1.000000
73 72 1.000000
73 74 1.000000
73 83 1.000000
74 64 1.000000
74 73 1.000000
74 75 1.000000
74 84 1.000000
75 65 1.000000
75 74 1.000000
75 76 1.000000
75 85 1.000000
76 66 1.000000
76 75 1.000000
76 77 1.000000
76 86 1.000000
77 67 1.000000
77 76 1.000000
77 78 1.000000
77 87 1.000000
78 68 1.000000
78 77 1.000000
78 79 1.000000
78 88 1.000000
79 69 1.000000
79 70 1.000000
79 78 1.000000
79 89 1.000000
80 70 1.000000
80 81 1.000000
80 89 1.000000
80 90 1.000000
81 71 1.000000
81 80 1.000000
81 82 1.000000
81 91 1.000000
82 72 1.000000
82 81 1.000000
82 83 1.000000
82 92 1.000000
83 73 1.000000
83 82 1.000000
83 84 1.000000
83 93 1.000000
84 74 1.000000
84 83 1.000000
84 85 1.000000
84 94 1.000000
85 75 1.000000
85 84 1.000000
85 86 1.000000
85 95 1.000000
86 76 1.000000
86 85 1.000000
86 87 1.000000
86 96 1.000000
87 77 1.000000
87 86 1.000000
87 88 1.000000
87 97 1.000000
88 78 1.000000
88 87 1.000000
88 89 1.000000
88 98 1.000000
89 79 1.000000
89 80 1.000000
89 88 1.000000
89 99 1.000000
90 0 1.000000
90 80 1.000000
90 91 1.000000
90 99 1.000000
91 1 1.000000
91 81 1.000000
91 90 1.000000
91 92 1.000000
92 2 1.000000
92 82 1.000000
92 91 1.000000
92 93 1.000000
93 3 1.000000
93 83 1.000000
93 92 1.000000
93 94 1.000000
94 4 1.000000
94 84 1.000000
94 93 1.000000
94 95 1.000000
95 5 1.000000
95 85 1.000000
95 94 1.000000
95 96 1.000000
96 6 1.000000
96 86 1.000000
96 95 1.000000
96 97 1.000000
97 7 1.000000
97 87 1.000000
97 96 1.000000
97 98 1.000000
98 8 1.000000
98 88 1.000000
98 97 1.000000
98 99 1.000000
99 9 1.000000
99 89 1.000000
99 90 1.000000
99 98 1.000000
END
#################################################################
SECTION4 (TrueSubGraph Information)
EndPoint0 EndPoint1 Weight
76 75 1.0
75 74 1.0
74 64 1.0
64 54 1.0
54 44 1.0
44 43 1.0
43 42 1.0
42 41 1.0
41 31 1.0
31 32 1.0
32 33 1.0
33 34 1.0
34 24 1.0
24 23 1.0
23 22 1.0
22 21 1.0
21 20 1.0
20 10 1.0
10 0 1.0
0 90 1.0
90 80 1.0
80 89 1.0
89 99 1.0
99 98 1.0
98 8 1.0
8 7 1.0
7 17 1.0
17 27 1.0
27 26 1.0
END
#################################################################
