#################################################################
#APDM Input Graph, this input graph includes 3 sections:
#section1 : general information
#section2 : nodes
#section3 : edges
#section4 : trueSubGraph (Optional)
#
#if nodes haven't information set weight to null
#################################################################
SECTION1 (General Information)
numNodes = 100
numEdges = 200
usedAlgorithm = Test
dataSource = GridData
END
#################################################################
SECTION2 (Nodes Information)
NodeID Base Counts
0 5.008216 19.17207280448296
1 5.027691 3.8920083169763604
2 5.063003 20.32248061494419
3 4.666715 20.79342286013554
4 5.094613 4.638210843129838
5 4.868793 4.910822383484027
6 5.179330 5.456903104318409
7 5.441706 4.991323584674961
8 5.103626 4.6617297261633155
9 5.035653 4.689931977905328
10 5.264651 21.138081091064834
11 5.365057 21.01084824634927
12 4.660119 20.140092953230123
13 4.822768 20.865202827317567
14 4.421311 3.6956206635596587
15 5.213067 3.850997704319795
16 4.908245 2.9946330842311433
17 4.698542 4.344824558675425
18 5.251362 5.318500869911132
19 4.598589 5.259229229069065
20 4.649751 18.818733323259316
21 5.154535 19.479790564022373
22 4.295579 20.702153784550845
23 5.142661 20.024740727043262
24 5.185736 4.068077157459291
25 5.157758 5.916916062630261
26 4.890415 4.911470658291321
27 4.968850 4.629471553725434
28 4.671010 4.375672754050435
29 5.348362 4.2032769063419035
30 5.354686 18.462944827226405
31 5.059204 18.933775210195193
32 4.598596 19.468936285710114
33 4.664853 3.9383711681112263
34 4.987220 4.189506181987521
35 4.669597 4.207190159861675
36 5.309592 3.7214724270129476
37 5.157497 5.784940020223081
38 4.961138 5.21802172635646
39 4.905264 5.7892636670052084
40 5.702982 20.448324308600952
41 4.734169 18.321667820787
42 4.967387 5.1811630294092685
43 5.150533 5.421123143681594
44 5.272791 4.661029355771325
45 5.494029 4.6831321330622195
46 5.302772 5.169377291564997
47 5.508020 6.337268416675332
48 4.811383 2.984465099588704
49 5.098479 3.9022035292583004
50 5.039580 5.3034712128829895
51 4.649144 3.838936323616033
52 5.041702 5.982042166924764
53 4.648896 5.751148576257004
54 4.473994 4.783245212412007
55 4.872483 4.612630629174859
56 4.787513 6.868468402916993
57 4.803694 4.090885470197999
58 5.415053 5.633413744728101
59 4.833327 5.09919157469873
60 4.958284 4.894976513037271
61 4.673587 4.0050824939586676
62 4.768360 20.01516976139503
63 4.715457 20.624013421371714
64 4.896686 4.13079121909965
65 4.454791 5.811807645061327
66 4.784530 3.936809727464217
67 5.047629 6.186496922921789
68 4.582801 4.214292927070803
69 5.559358 3.8730059196529774
70 5.205112 19.867898982589093
71 5.028184 5.037617176755992
72 4.878216 17.126076844996945
73 4.699669 18.996023955870676
74 4.862154 20.48216580818775
75 4.818277 4.83187023680063
76 4.887357 5.352722558470316
77 5.214739 5.065947738520115
78 4.596804 5.034838663727411
79 5.111987 18.172498976916355
80 3.993404 20.260261682821813
81 5.362470 5.080844143297384
82 4.679264 4.877376264496513
83 5.451898 18.385827815114773
84 4.482813 18.58457289595783
85 4.618031 3.597111887056974
86 5.024016 5.4108507121957325
87 4.887193 3.824595122993376
88 4.658893 4.639597320110811
89 5.143442 20.586189307118154
90 5.031391 19.916163764201535
91 4.866256 4.947453973731294
92 4.821418 3.211075329136786
93 4.829041 18.745892933373813
94 4.404676 7.6768178967866785
95 5.142472 4.525400735273488
96 4.734944 4.726902172473169
97 5.108702 3.7073583562316754
98 5.014910 5.4650762995179285
99 4.186920 19.373354915861068
END
#################################################################
SECTION3 (Edges Information)
EndPoint0 EndPoint1 Weight
0 1 1.000000
0 9 1.000000
0 10 1.000000
0 90 1.000000
1 0 1.000000
1 2 1.000000
1 11 1.000000
1 91 1.000000
2 1 1.000000
2 3 1.000000
2 12 1.000000
2 92 1.000000
3 2 1.000000
3 4 1.000000
3 13 1.000000
3 93 1.000000
4 3 1.000000
4 5 1.000000
4 14 1.000000
4 94 1.000000
5 4 1.000000
5 6 1.000000
5 15 1.000000
5 95 1.000000
6 5 1.000000
6 7 1.000000
6 16 1.000000
6 96 1.000000
7 6 1.000000
7 8 1.000000
7 17 1.000000
7 97 1.000000
8 7 1.000000
8 9 1.000000
8 18 1.000000
8 98 1.000000
9 0 1.000000
9 8 1.000000
9 19 1.000000
9 99 1.000000
10 0 1.000000
10 11 1.000000
10 19 1.000000
10 20 1.000000
11 1 1.000000
11 10 1.000000
11 12 1.000000
11 21 1.000000
12 2 1.000000
12 11 1.000000
12 13 1.000000
12 22 1.000000
13 3 1.000000
13 12 1.000000
13 14 1.000000
13 23 1.000000
14 4 1.000000
14 13 1.000000
14 15 1.000000
14 24 1.000000
15 5 1.000000
15 14 1.000000
15 16 1.000000
15 25 1.000000
16 6 1.000000
16 15 1.000000
16 17 1.000000
16 26 1.000000
17 7 1.000000
17 16 1.000000
17 18 1.000000
17 27 1.000000
18 8 1.000000
18 17 1.000000
18 19 1.000000
18 28 1.000000
19 9 1.000000
19 10 1.000000
19 18 1.000000
19 29 1.000000
20 10 1.000000
20 21 1.000000
20 29 1.000000
20 30 1.000000
21 11 1.000000
21 20 1.000000
21 22 1.000000
21 31 1.000000
22 12 1.000000
22 21 1.000000
22 23 1.000000
22 32 1.000000
23 13 1.000000
23 22 1.000000
23 24 1.000000
23 33 1.000000
24 14 1.000000
24 23 1.000000
24 25 1.000000
24 34 1.000000
25 15 1.000000
25 24 1.000000
25 26 1.000000
25 35 1.000000
26 16 1.000000
26 25 1.000000
26 27 1.000000
26 36 1.000000
27 17 1.000000
27 26 1.000000
27 28 1.000000
27 37 1.000000
28 18 1.000000
28 27 1.000000
28 29 1.000000
28 38 1.000000
29 19 1.000000
29 20 1.000000
29 28 1.000000
29 39 1.000000
30 20 1.000000
30 31 1.000000
30 39 1.000000
30 40 1.000000
31 21 1.000000
31 30 1.000000
31 32 1.000000
31 41 1.000000
32 22 1.000000
32 31 1.000000
32 33 1.000000
32 42 1.000000
33 23 1.000000
33 32 1.000000
33 34 1.000000
33 43 1.000000
34 24 1.000000
34 33 1.000000
34 35 1.000000
34 44 1.000000
35 25 1.000000
35 34 1.000000
35 36 1.000000
35 45 1.000000
36 26 1.000000
36 35 1.000000
36 37 1.000000
36 46 1.000000
37 27 1.000000
37 36 1.000000
37 38 1.000000
37 47 1.000000
38 28 1.000000
38 37 1.000000
38 39 1.000000
38 48 1.000000
39 29 1.000000
39 30 1.000000
39 38 1.000000
39 49 1.000000
40 30 1.000000
40 41 1.000000
40 49 1.000000
40 50 1.000000
41 31 1.000000
41 40 1.000000
41 42 1.000000
41 51 1.000000
42 32 1.000000
42 41 1.000000
42 43 1.000000
42 52 1.000000
43 33 1.000000
43 42 1.000000
43 44 1.000000
43 53 1.000000
44 34 1.000000
44 43 1.000000
44 45 1.000000
44 54 1.000000
45 35 1.000000
45 44 1.000000
45 46 1.000000
45 55 1.000000
46 36 1.000000
46 45 1.000000
46 47 1.000000
46 56 1.000000
47 37 1.000000
47 46 1.000000
47 48 1.000000
47 57 1.000000
48 38 1.000000
48 47 1.000000
48 49 1.000000
48 58 1.000000
49 39 1.000000
49 40 1.000000
49 48 1.000000
49 59 1.000000
50 40 1.000000
50 51 1.000000
50 59 1.000000
50 60 1.000000
51 41 1.000000
51 50 1.000000
51 52 1.000000
51 61 1.000000
52 42 1.000000
52 51 1.000000
52 53 1.000000
52 62 1.000000
53 43 1.000000
53 52 1.000000
53 54 1.000000
53 63 1.000000
54 44 1.000000
54 53 1.000000
54 55 1.000000
54 64 1.000000
55 45 1.000000
55 54 1.000000
55 56 1.000000
55 65 1.000000
56 46 1.000000
56 55 1.000000
56 57 1.000000
56 66 1.000000
57 47 1.000000
57 56 1.000000
57 58 1.000000
57 67 1.000000
58 48 1.000000
58 57 1.000000
58 59 1.000000
58 68 1.000000
59 49 1.000000
59 50 1.000000
59 58 1.000000
59 69 1.000000
60 50 1.000000
60 61 1.000000
60 69 1.000000
60 70 1.000000
61 51 1.000000
61 60 1.000000
61 62 1.000000
61 71 1.000000
62 52 1.000000
62 61 1.000000
62 63 1.000000
62 72 1.000000
63 53 1.000000
63 62 1.000000
63 64 1.000000
63 73 1.000000
64 54 1.000000
64 63 1.000000
64 65 1.000000
64 74 1.000000
65 55 1.000000
65 64 1.000000
65 66 1.000000
65 75 1.000000
66 56 1.000000
66 65 1.000000
66 67 1.000000
66 76 1.000000
67 57 1.000000
67 66 1.000000
67 68 1.000000
67 77 1.000000
68 58 1.000000
68 67 1.000000
68 69 1.000000
68 78 1.000000
69 59 1.000000
69 60 1.000000
69 68 1.000000
69 79 1.000000
70 60 1.000000
70 71 1.000000
70 79 1.000000
70 80 1.000000
71 61 1.000000
71 70 1.000000
71 72 1.000000
71 81 1.000000
72 62 1.000000
72 71 1.000000
72 73 1.000000
72 82 1.000000
73 63 1.000000
73 72 1.000000
73 74 1.000000
73 83 1.000000
74 64 1.000000
74 73 1.000000
74 75 1.000000
74 84 1.000000
75 65 1.000000
75 74 1.000000
75 76 1.000000
75 85 1.000000
76 66 1.000000
76 75 1.000000
76 77 1.000000
76 86 1.000000
77 67 1.000000
77 76 1.000000
77 78 1.000000
77 87 1.000000
78 68 1.000000
78 77 1.000000
78 79 1.000000
78 88 1.000000
79 69 1.000000
79 70 1.000000
79 78 1.000000
79 89 1.000000
80 70 1.000000
80 81 1.000000
80 89 1.000000
80 90 1.000000
81 71 1.000000
81 80 1.000000
81 82 1.000000
81 91 1.000000
82 72 1.000000
82 81 1.000000
82 83 1.000000
82 92 1.000000
83 73 1.000000
83 82 1.000000
83 84 1.000000
83 93 1.000000
84 74 1.000000
84 83 1.000000
84 85 1.000000
84 94 1.000000
85 75 1.000000
85 84 1.000000
85 86 1.000000
85 95 1.000000
86 76 1.000000
86 85 1.000000
86 87 1.000000
86 96 1.000000
87 77 1.000000
87 86 1.000000
87 88 1.000000
87 97 1.000000
88 78 1.000000
88 87 1.000000
88 89 1.000000
88 98 1.000000
89 79 1.000000
89 80 1.000000
89 88 1.000000
89 99 1.000000
90 0 1.000000
90 80 1.000000
90 91 1.000000
90 99 1.000000
91 1 1.000000
91 81 1.000000
91 90 1.000000
91 92 1.000000
92 2 1.000000
92 82 1.000000
92 91 1.000000
92 93 1.000000
93 3 1.000000
93 83 1.000000
93 92 1.000000
93 94 1.000000
94 4 1.000000
94 84 1.000000
94 93 1.000000
94 95 1.000000
95 5 1.000000
95 85 1.000000
95 94 1.000000
95 96 1.000000
96 6 1.000000
96 86 1.000000
96 95 1.000000
96 97 1.000000
97 7 1.000000
97 87 1.000000
97 96 1.000000
97 98 1.000000
98 8 1.000000
98 88 1.000000
98 97 1.000000
98 99 1.000000
99 9 1.000000
99 89 1.000000
99 90 1.000000
99 98 1.000000
END
#################################################################
SECTION4 (TrueSubGraph Information)
EndPoint0 EndPoint1 Weight
63 62 1.0
62 72 1.0
72 73 1.0
73 74 1.0
74 84 1.0
84 83 1.0
83 93 1.0
93 3 1.0
3 2 1.0
2 12 1.0
12 13 1.0
13 23 1.0
23 22 1.0
22 32 1.0
32 31 1.0
31 41 1.0
41 40 1.0
40 30 1.0
30 20 1.0
20 21 1.0
21 11 1.0
11 10 1.0
10 0 1.0
0 90 1.0
90 99 1.0
99 89 1.0
89 80 1.0
80 70 1.0
70 79 1.0
END
#################################################################
