#################################################################
#APDM Input Graph, this input graph includes 3 sections:
#section1 : general information
#section2 : nodes
#section3 : edges
#section4 : trueSubGraph (Optional)
#
#if nodes haven't information set weight to null
#################################################################
SECTION1 (General Information)
numNodes = 100
numEdges = 200
usedAlgorithm = Test
dataSource = GridData
END
#################################################################
SECTION2 (Nodes Information)
NodeID Base Counts
0 4.636751 5.696909399735491
1 5.482994 4.769616438024167
2 4.806573 6.242312301929607
3 4.901580 19.928591254535178
4 5.259641 18.722784035865637
5 5.434914 4.87684959457415
6 4.865575 5.1981963474586115
7 5.249895 5.141673030541066
8 4.840238 4.761834833070796
9 4.937957 4.159523840713565
10 4.733984 3.5256644584379995
11 5.108901 4.461807562598382
12 5.200721 2.0434348755435927
13 4.416264 20.303289428568934
14 4.873265 5.03802152174012
15 4.986189 5.423088521984277
16 4.188039 4.961820775644876
17 4.971414 7.022617274206308
18 4.979890 5.614458531959797
19 4.963183 5.081809816786077
20 4.686798 5.0464935309038665
21 4.444663 5.458932500639877
22 5.061126 4.222518394683992
23 5.302569 6.781439668015342
24 4.726167 3.1481834062742955
25 5.266797 3.2541679738813682
26 4.702890 4.959203493898256
27 4.726588 5.073338138158679
28 5.758681 4.360782837946687
29 5.044245 6.8183587490497315
30 5.171426 4.3535410240852155
31 5.352668 4.045297492455905
32 4.596371 4.841644025959892
33 5.119361 3.349435561479435
34 4.755030 3.549575361164882
35 4.709116 8.001078701136901
36 4.886509 6.426812471610864
37 4.700849 3.1509802826956648
38 4.862856 4.346933928267502
39 4.653218 5.87017477649642
40 4.810194 5.144371207912407
41 5.011313 5.068360708593356
42 5.011493 3.9585201869068083
43 4.804276 4.068852544146019
44 4.818039 5.941446866586523
45 5.304256 5.0375959196445566
46 4.878581 4.96369740414243
47 4.746496 5.310428328665639
48 4.977893 4.91707644464197
49 5.207499 5.418187334213572
50 5.362701 5.397224220951548
51 4.470122 5.537913983102004
52 4.877832 4.795023691532452
53 5.313543 5.004067120373456
54 4.864002 5.047720783897108
55 5.064759 4.849636498485806
56 4.932331 4.3153399774190015
57 5.094732 6.122855819886854
58 5.064391 5.809501477886116
59 5.451792 4.908185109364774
60 4.810433 6.4237614686802615
61 4.882073 3.9692539203783097
62 4.626763 4.840564278124609
63 5.247513 2.627565854833625
64 5.702697 4.2186749562571135
65 5.016992 6.8111447912828424
66 4.630723 7.067606215976223
67 5.280235 3.728165874973768
68 4.992154 4.164102879165944
69 4.778927 5.4698477739767135
70 4.910744 4.6998581445469565
71 5.406050 3.583390765186964
72 4.782057 3.1843680948260635
73 5.077143 4.342389257272478
74 4.962931 4.411914156295362
75 5.331670 19.9023306560883
76 5.128838 18.82754228680517
77 4.689178 7.003604205673449
78 4.872746 4.839249599340747
79 5.332872 4.849046185074646
80 5.013332 5.43777654643895
81 4.266113 3.9543403792693446
82 4.773866 5.910664344781846
83 5.136449 3.5837840705041892
84 5.012858 21.37475948405589
85 5.074954 20.858825765920983
86 5.495855 20.09262584092878
87 5.021739 17.460216372484847
88 5.230202 3.8591173947276456
89 5.340495 5.308920845389022
90 5.156485 4.121804389111607
91 4.903326 7.224709246247375
92 5.015457 4.393576934619242
93 4.898530 6.030094105522437
94 4.604330 21.148085217144335
95 4.323582 6.260426449300515
96 4.873594 5.715055499039052
97 4.686121 6.0338913148672235
98 5.185217 5.142370874414713
99 5.024393 5.151546002530459
END
#################################################################
SECTION3 (Edges Information)
EndPoint0 EndPoint1 Weight
0 1 1.000000
0 9 1.000000
0 10 1.000000
0 90 1.000000
1 0 1.000000
1 2 1.000000
1 11 1.000000
1 91 1.000000
2 1 1.000000
2 3 1.000000
2 12 1.000000
2 92 1.000000
3 2 1.000000
3 4 1.000000
3 13 1.000000
3 93 1.000000
4 3 1.000000
4 5 1.000000
4 14 1.000000
4 94 1.000000
5 4 1.000000
5 6 1.000000
5 15 1.000000
5 95 1.000000
6 5 1.000000
6 7 1.000000
6 16 1.000000
6 96 1.000000
7 6 1.000000
7 8 1.000000
7 17 1.000000
7 97 1.000000
8 7 1.000000
8 9 1.000000
8 18 1.000000
8 98 1.000000
9 0 1.000000
9 8 1.000000
9 19 1.000000
9 99 1.000000
10 0 1.000000
10 11 1.000000
10 19 1.000000
10 20 1.000000
11 1 1.000000
11 10 1.000000
11 12 1.000000
11 21 1.000000
12 2 1.000000
12 11 1.000000
12 13 1.000000
12 22 1.000000
13 3 1.000000
13 12 1.000000
13 14 1.000000
13 23 1.000000
14 4 1.000000
14 13 1.000000
14 15 1.000000
14 24 1.000000
15 5 1.000000
15 14 1.000000
15 16 1.000000
15 25 1.000000
16 6 1.000000
16 15 1.000000
16 17 1.000000
16 26 1.000000
17 7 1.000000
17 16 1.000000
17 18 1.000000
17 27 1.000000
18 8 1.000000
18 17 1.000000
18 19 1.000000
18 28 1.000000
19 9 1.000000
19 10 1.000000
19 18 1.000000
19 29 1.000000
20 10 1.000000
20 21 1.000000
20 29 1.000000
20 30 1.000000
21 11 1.000000
21 20 1.000000
21 22 1.000000
21 31 1.000000
22 12 1.000000
22 21 1.000000
22 23 1.000000
22 32 1.000000
23 13 1.000000
23 22 1.000000
23 24 1.000000
23 33 1.000000
24 14 1.000000
24 23 1.000000
24 25 1.000000
24 34 1.000000
25 15 1.000000
25 24 1.000000
25 26 1.000000
25 35 1.000000
26 16 1.000000
26 25 1.000000
26 27 1.000000
26 36 1.000000
27 17 1.000000
27 26 1.000000
27 28 1.000000
27 37 1.000000
28 18 1.000000
28 27 1.000000
28 29 1.000000
28 38 1.000000
29 19 1.000000
29 20 1.000000
29 28 1.000000
29 39 1.000000
30 20 1.000000
30 31 1.000000
30 39 1.000000
30 40 1.000000
31 21 1.000000
31 30 1.000000
31 32 1.000000
31 41 1.000000
32 22 1.000000
32 31 1.000000
32 33 1.000000
32 42 1.000000
33 23 1.000000
33 32 1.000000
33 34 1.000000
33 43 1.000000
34 24 1.000000
34 33 1.000000
34 35 1.000000
34 44 1.000000
35 25 1.000000
35 34 1.000000
35 36 1.000000
35 45 1.000000
36 26 1.000000
36 35 1.000000
36 37 1.000000
36 46 1.000000
37 27 1.000000
37 36 1.000000
37 38 1.000000
37 47 1.000000
38 28 1.000000
38 37 1.000000
38 39 1.000000
38 48 1.000000
39 29 1.000000
39 30 1.000000
39 38 1.000000
39 49 1.000000
40 30 1.000000
40 41 1.000000
40 49 1.000000
40 50 1.000000
41 31 1.000000
41 40 1.000000
41 42 1.000000
41 51 1.000000
42 32 1.000000
42 41 1.000000
42 43 1.000000
42 52 1.000000
43 33 1.000000
43 42 1.000000
43 44 1.000000
43 53 1.000000
44 34 1.000000
44 43 1.000000
44 45 1.000000
44 54 1.000000
45 35 1.000000
45 44 1.000000
45 46 1.000000
45 55 1.000000
46 36 1.000000
46 45 1.000000
46 47 1.000000
46 56 1.000000
47 37 1.000000
47 46 1.000000
47 48 1.000000
47 57 1.000000
48 38 1.000000
48 47 1.000000
48 49 1.000000
48 58 1.000000
49 39 1.000000
49 40 1.000000
49 48 1.000000
49 59 1.000000
50 40 1.000000
50 51 1.000000
50 59 1.000000
50 60 1.000000
51 41 1.000000
51 50 1.000000
51 52 1.000000
51 61 1.000000
52 42 1.000000
52 51 1.000000
52 53 1.000000
52 62 1.000000
53 43 1.000000
53 52 1.000000
53 54 1.000000
53 63 1.000000
54 44 1.000000
54 53 1.000000
54 55 1.000000
54 64 1.000000
55 45 1.000000
55 54 1.000000
55 56 1.000000
55 65 1.000000
56 46 1.000000
56 55 1.000000
56 57 1.000000
56 66 1.000000
57 47 1.000000
57 56 1.000000
57 58 1.000000
57 67 1.000000
58 48 1.000000
58 57 1.000000
58 59 1.000000
58 68 1.000000
59 49 1.000000
59 50 1.000000
59 58 1.000000
59 69 1.000000
60 50 1.000000
60 61 1.000000
60 69 1.000000
60 70 1.000000
61 51 1.000000
61 60 1.000000
61 62 1.000000
61 71 1.000000
62 52 1.000000
62 61 1.000000
62 63 1.000000
62 72 1.000000
63 53 1.000000
63 62 1.000000
63 64 1.000000
63 73 1.000000
64 54 1.000000
64 63 1.000000
64 65 1.000000
64 74 1.000000
65 55 1.000000
65 64 1.000000
65 66 1.000000
65 75 1.000000
66 56 1.000000
66 65 1.000000
66 67 1.000000
66 76 1.000000
67 57 1.000000
67 66 1.000000
67 68 1.000000
67 77 1.000000
68 58 1.000000
68 67 1.000000
68 69 1.000000
68 78 1.000000
69 59 1.000000
69 60 1.000000
69 68 1.000000
69 79 1.000000
70 60 1.000000
70 71 1.000000
70 79 1.000000
70 80 1.000000
71 61 1.000000
71 70 1.000000
71 72 1.000000
71 81 1.000000
72 62 1.000000
72 71 1.000000
72 73 1.000000
72 82 1.000000
73 63 1.000000
73 72 1.000000
73 74 1.000000
73 83 1.000000
74 64 1.000000
74 73 1.000000
74 75 1.000000
74 84 1.000000
75 65 1.000000
75 74 1.000000
75 76 1.000000
75 85 1.000000
76 66 1.000000
76 75 1.000000
76 77 1.000000
76 86 1.000000
77 67 1.000000
77 76 1.000000
77 78 1.000000
77 87 1.000000
78 68 1.000000
78 77 1.000000
78 79 1.000000
78 88 1.000000
79 69 1.000000
79 70 1.000000
79 78 1.000000
79 89 1.000000
80 70 1.000000
80 81 1.000000
80 89 1.000000
80 90 1.000000
81 71 1.000000
81 80 1.000000
81 82 1.000000
81 91 1.000000
82 72 1.000000
82 81 1.000000
82 83 1.000000
82 92 1.000000
83 73 1.000000
83 82 1.000000
83 84 1.000000
83 93 1.000000
84 74 1.000000
84 83 1.000000
84 85 1.000000
84 94 1.000000
85 75 1.000000
85 84 1.000000
85 86 1.000000
85 95 1.000000
86 76 1.000000
86 85 1.000000
86 87 1.000000
86 96 1.000000
87 77 1.000000
87 86 1.000000
87 88 1.000000
87 97 1.000000
88 78 1.000000
88 87 1.000000
88 89 1.000000
88 98 1.000000
89 79 1.000000
89 80 1.000000
89 88 1.000000
89 99 1.000000
90 0 1.000000
90 80 1.000000
90 91 1.000000
90 99 1.000000
91 1 1.000000
91 81 1.000000
91 90 1.000000
91 92 1.000000
92 2 1.000000
92 82 1.000000
92 91 1.000000
92 93 1.000000
93 3 1.000000
93 83 1.000000
93 92 1.000000
93 94 1.000000
94 4 1.000000
94 84 1.000000
94 93 1.000000
94 95 1.000000
95 5 1.000000
95 85 1.000000
95 94 1.000000
95 96 1.000000
96 6 1.000000
96 86 1.000000
96 95 1.000000
96 97 1.000000
97 7 1.000000
97 87 1.000000
97 96 1.000000
97 98 1.000000
98 8 1.000000
98 88 1.000000
98 97 1.000000
98 99 1.000000
99 9 1.000000
99 89 1.000000
99 90 1.000000
99 98 1.000000
END
#################################################################
SECTION4 (TrueSubGraph Information)
EndPoint0 EndPoint1 Weight
13 3 1.0
3 4 1.0
4 94 1.0
94 84 1.0
84 85 1.0
85 75 1.0
75 76 1.0
76 86 1.0
86 87 1.0
END
#################################################################
