#################################################################
#APDM Input Graph, this input graph includes 3 sections:
#section1 : general information
#section2 : nodes
#section3 : edges
#section4 : trueSubGraph (Optional)
#
#if nodes haven't information set weight to null
#################################################################
SECTION1 (General Information)
numNodes = 100
numEdges = 200
usedAlgorithm = Test
dataSource = GridData
END
#################################################################
SECTION2 (Nodes Information)
NodeID Base Counts
0 5.050461 3.1117952047000257
1 5.223031 7.109431546503995
2 5.178517 4.897421306925272
3 4.133823 4.720010971745617
4 4.851895 4.670054042853238
5 4.488523 4.176126654613371
6 4.774899 19.052478142480783
7 4.247639 8.149071267721776
8 4.990760 5.832895628789071
9 5.342002 5.832941184341218
10 4.538448 18.18932286360962
11 4.788987 3.108706128831922
12 5.315874 4.721852444325862
13 5.040157 3.044925978100138
14 4.466009 5.467311556582758
15 4.811297 21.9783918781041
16 5.389323 18.692189682378064
17 4.764125 20.117286744550867
18 4.883930 19.554156151122744
19 4.968922 20.663620449455532
20 5.030605 18.40182435226321
21 5.180733 5.589918907191828
22 5.267471 4.369679454931646
23 5.047682 5.298180983681976
24 5.283665 5.198858811809105
25 4.775711 20.627888518735656
26 5.233956 19.47417423085558
27 5.346297 19.62157476144766
28 5.004492 5.036294167572349
29 4.924679 18.94553437356616
30 5.070701 4.739772474229651
31 5.159715 4.974544018829914
32 5.106753 5.668865855652656
33 4.953052 2.1758171725999946
34 5.426821 21.212820796540647
35 4.524944 18.56776293757388
36 4.920168 19.866515994573167
37 4.389126 5.08299827039322
38 5.574928 5.269822191720189
39 4.923765 4.60817825077685
40 4.972980 6.997218574958539
41 4.980773 4.949583141490873
42 4.628330 5.111486821899111
43 4.843683 5.588192529032476
44 4.708850 20.172801311212915
45 5.032277 20.955864168775168
46 5.603561 20.8114768198642
47 5.037719 4.587138538653968
48 4.770882 2.2904842754731893
49 5.060164 3.728103903987838
50 5.759228 5.546859519207186
51 4.864089 3.709520764828998
52 4.980272 5.242472668618105
53 5.031472 3.7743874973855887
54 4.875479 5.166464110816957
55 4.052791 4.734663478921437
56 4.872399 4.02566023002607
57 5.296616 3.1685889488279706
58 5.298946 4.506745263162276
59 5.162314 4.910918707883447
60 5.271756 5.310408171283552
61 5.501185 3.017863530140649
62 5.343884 5.604266014624521
63 4.348028 3.9396616318728688
64 5.020345 5.1386761397947875
65 5.148793 5.127544375537289
66 4.882647 4.558740175194639
67 5.358445 5.235991759264966
68 4.889617 5.439567220480664
69 4.955379 6.51751101145854
70 4.632060 5.507750743935666
71 5.168660 5.735738018885894
72 5.183140 5.30456859554737
73 5.597734 5.1761432881107785
74 5.182130 5.660952225426603
75 5.430818 4.53406086731437
76 4.977828 3.0608660040146756
77 4.844757 4.141837524422015
78 4.726885 4.822679103760175
79 4.625979 5.788204378666624
80 4.664659 3.313496473892001
81 4.557144 7.308366059417614
82 5.080200 6.2388441096910014
83 4.795833 5.458280576823154
84 5.452264 6.963335155567373
85 5.040002 4.312944114869438
86 5.061572 5.456101932678669
87 4.355538 4.0514989297222925
88 4.558185 5.48935609788175
89 5.046506 1.2111123223807212
90 5.323607 3.9959009768547076
91 5.116989 5.373541749828137
92 5.438819 5.398345482944457
93 4.862728 5.209919194299651
94 4.583279 4.686092715500071
95 5.205899 2.8076333546451915
96 5.062984 20.333547905356593
97 5.209389 18.453483867555875
98 4.729858 5.8878685674814095
99 5.609944 4.306783384914885
END
#################################################################
SECTION3 (Edges Information)
EndPoint0 EndPoint1 Weight
0 1 1.000000
0 9 1.000000
0 10 1.000000
0 90 1.000000
1 0 1.000000
1 2 1.000000
1 11 1.000000
1 91 1.000000
2 1 1.000000
2 3 1.000000
2 12 1.000000
2 92 1.000000
3 2 1.000000
3 4 1.000000
3 13 1.000000
3 93 1.000000
4 3 1.000000
4 5 1.000000
4 14 1.000000
4 94 1.000000
5 4 1.000000
5 6 1.000000
5 15 1.000000
5 95 1.000000
6 5 1.000000
6 7 1.000000
6 16 1.000000
6 96 1.000000
7 6 1.000000
7 8 1.000000
7 17 1.000000
7 97 1.000000
8 7 1.000000
8 9 1.000000
8 18 1.000000
8 98 1.000000
9 0 1.000000
9 8 1.000000
9 19 1.000000
9 99 1.000000
10 0 1.000000
10 11 1.000000
10 19 1.000000
10 20 1.000000
11 1 1.000000
11 10 1.000000
11 12 1.000000
11 21 1.000000
12 2 1.000000
12 11 1.000000
12 13 1.000000
12 22 1.000000
13 3 1.000000
13 12 1.000000
13 14 1.000000
13 23 1.000000
14 4 1.000000
14 13 1.000000
14 15 1.000000
14 24 1.000000
15 5 1.000000
15 14 1.000000
15 16 1.000000
15 25 1.000000
16 6 1.000000
16 15 1.000000
16 17 1.000000
16 26 1.000000
17 7 1.000000
17 16 1.000000
17 18 1.000000
17 27 1.000000
18 8 1.000000
18 17 1.000000
18 19 1.000000
18 28 1.000000
19 9 1.000000
19 10 1.000000
19 18 1.000000
19 29 1.000000
20 10 1.000000
20 21 1.000000
20 29 1.000000
20 30 1.000000
21 11 1.000000
21 20 1.000000
21 22 1.000000
21 31 1.000000
22 12 1.000000
22 21 1.000000
22 23 1.000000
22 32 1.000000
23 13 1.000000
23 22 1.000000
23 24 1.000000
23 33 1.000000
24 14 1.000000
24 23 1.000000
24 25 1.000000
24 34 1.000000
25 15 1.000000
25 24 1.000000
25 26 1.000000
25 35 1.000000
26 16 1.000000
26 25 1.000000
26 27 1.000000
26 36 1.000000
27 17 1.000000
27 26 1.000000
27 28 1.000000
27 37 1.000000
28 18 1.000000
28 27 1.000000
28 29 1.000000
28 38 1.000000
29 19 1.000000
29 20 1.000000
29 28 1.000000
29 39 1.000000
30 20 1.000000
30 31 1.000000
30 39 1.000000
30 40 1.000000
31 21 1.000000
31 30 1.000000
31 32 1.000000
31 41 1.000000
32 22 1.000000
32 31 1.000000
32 33 1.000000
32 42 1.000000
33 23 1.000000
33 32 1.000000
33 34 1.000000
33 43 1.000000
34 24 1.000000
34 33 1.000000
34 35 1.000000
34 44 1.000000
35 25 1.000000
35 34 1.000000
35 36 1.000000
35 45 1.000000
36 26 1.000000
36 35 1.000000
36 37 1.000000
36 46 1.000000
37 27 1.000000
37 36 1.000000
37 38 1.000000
37 47 1.000000
38 28 1.000000
38 37 1.000000
38 39 1.000000
38 48 1.000000
39 29 1.000000
39 30 1.000000
39 38 1.000000
39 49 1.000000
40 30 1.000000
40 41 1.000000
40 49 1.000000
40 50 1.000000
41 31 1.000000
41 40 1.000000
41 42 1.000000
41 51 1.000000
42 32 1.000000
42 41 1.000000
42 43 1.000000
42 52 1.000000
43 33 1.000000
43 42 1.000000
43 44 1.000000
43 53 1.000000
44 34 1.000000
44 43 1.000000
44 45 1.000000
44 54 1.000000
45 35 1.000000
45 44 1.000000
45 46 1.000000
45 55 1.000000
46 36 1.000000
46 45 1.000000
46 47 1.000000
46 56 1.000000
47 37 1.000000
47 46 1.000000
47 48 1.000000
47 57 1.000000
48 38 1.000000
48 47 1.000000
48 49 1.000000
48 58 1.000000
49 39 1.000000
49 40 1.000000
49 48 1.000000
49 59 1.000000
50 40 1.000000
50 51 1.000000
50 59 1.000000
50 60 1.000000
51 41 1.000000
51 50 1.000000
51 52 1.000000
51 61 1.000000
52 42 1.000000
52 51 1.000000
52 53 1.000000
52 62 1.000000
53 43 1.000000
53 52 1.000000
53 54 1.000000
53 63 1.000000
54 44 1.000000
54 53 1.000000
54 55 1.000000
54 64 1.000000
55 45 1.000000
55 54 1.000000
55 56 1.000000
55 65 1.000000
56 46 1.000000
56 55 1.000000
56 57 1.000000
56 66 1.000000
57 47 1.000000
57 56 1.000000
57 58 1.000000
57 67 1.000000
58 48 1.000000
58 57 1.000000
58 59 1.000000
58 68 1.000000
59 49 1.000000
59 50 1.000000
59 58 1.000000
59 69 1.000000
60 50 1.000000
60 61 1.000000
60 69 1.000000
60 70 1.000000
61 51 1.000000
61 60 1.000000
61 62 1.000000
61 71 1.000000
62 52 1.000000
62 61 1.000000
62 63 1.000000
62 72 1.000000
63 53 1.000000
63 62 1.000000
63 64 1.000000
63 73 1.000000
64 54 1.000000
64 63 1.000000
64 65 1.000000
64 74 1.000000
65 55 1.000000
65 64 1.000000
65 66 1.000000
65 75 1.000000
66 56 1.000000
66 65 1.000000
66 67 1.000000
66 76 1.000000
67 57 1.000000
67 66 1.000000
67 68 1.000000
67 77 1.000000
68 58 1.000000
68 67 1.000000
68 69 1.000000
68 78 1.000000
69 59 1.000000
69 60 1.000000
69 68 1.000000
69 79 1.000000
70 60 1.000000
70 71 1.000000
70 79 1.000000
70 80 1.000000
71 61 1.000000
71 70 1.000000
71 72 1.000000
71 81 1.000000
72 62 1.000000
72 71 1.000000
72 73 1.000000
72 82 1.000000
73 63 1.000000
73 72 1.000000
73 74 1.000000
73 83 1.000000
74 64 1.000000
74 73 1.000000
74 75 1.000000
74 84 1.000000
75 65 1.000000
75 74 1.000000
75 76 1.000000
75 85 1.000000
76 66 1.000000
76 75 1.000000
76 77 1.000000
76 86 1.000000
77 67 1.000000
77 76 1.000000
77 78 1.000000
77 87 1.000000
78 68 1.000000
78 77 1.000000
78 79 1.000000
78 88 1.000000
79 69 1.000000
79 70 1.000000
79 78 1.000000
79 89 1.000000
80 70 1.000000
80 81 1.000000
80 89 1.000000
80 90 1.000000
81 71 1.000000
81 80 1.000000
81 82 1.000000
81 91 1.000000
82 72 1.000000
82 81 1.000000
82 83 1.000000
82 92 1.000000
83 73 1.000000
83 82 1.000000
83 84 1.000000
83 93 1.000000
84 74 1.000000
84 83 1.000000
84 85 1.000000
84 94 1.000000
85 75 1.000000
85 84 1.000000
85 86 1.000000
85 95 1.000000
86 76 1.000000
86 85 1.000000
86 87 1.000000
86 96 1.000000
87 77 1.000000
87 86 1.000000
87 88 1.000000
87 97 1.000000
88 78 1.000000
88 87 1.000000
88 89 1.000000
88 98 1.000000
89 79 1.000000
89 80 1.000000
89 88 1.000000
89 99 1.000000
90 0 1.000000
90 80 1.000000
90 91 1.000000
90 99 1.000000
91 1 1.000000
91 81 1.000000
91 90 1.000000
91 92 1.000000
92 2 1.000000
92 82 1.000000
92 91 1.000000
92 93 1.000000
93 3 1.000000
93 83 1.000000
93 92 1.000000
93 94 1.000000
94 4 1.000000
94 84 1.000000
94 93 1.000000
94 95 1.000000
95 5 1.000000
95 85 1.000000
95 94 1.000000
95 96 1.000000
96 6 1.000000
96 86 1.000000
96 95 1.000000
96 97 1.000000
97 7 1.000000
97 87 1.000000
97 96 1.000000
97 98 1.000000
98 8 1.000000
98 88 1.000000
98 97 1.000000
98 99 1.000000
99 9 1.000000
99 89 1.000000
99 90 1.000000
99 98 1.000000
END
#################################################################
SECTION4 (TrueSubGraph Information)
EndPoint0 EndPoint1 Weight
97 96 1.0
96 6 1.0
6 16 1.0
16 15 1.0
15 25 1.0
25 35 1.0
35 34 1.0
34 44 1.0
44 45 1.0
45 46 1.0
46 36 1.0
36 26 1.0
26 27 1.0
27 17 1.0
17 18 1.0
18 19 1.0
19 10 1.0
10 20 1.0
20 29 1.0
END
#################################################################
