#################################################################
#APDM Input Graph, this input graph includes 3 sections:
#section1 : general information
#section2 : nodes
#section3 : edges
#section4 : trueSubGraph (Optional)
#
#if nodes haven't information set weight to null
#################################################################
SECTION1 (General Information)
numNodes = 100
numEdges = 200
usedAlgorithm = Test
dataSource = GridData
END
#################################################################
SECTION2 (Nodes Information)
NodeID Base Counts
0 5.069885 6.074020566119574
1 5.087451 5.920348134715606
2 5.030833 3.31124926691436
3 5.565942 3.7252713257492336
4 5.068404 6.216187090422231
5 5.081885 21.518923445316236
6 4.778200 20.590248059976823
7 5.328720 20.32363183987016
8 4.801128 20.34661802468428
9 5.748196 5.166733852833883
10 4.676044 3.614246310340028
11 5.491076 5.37413844198237
12 5.091780 2.890539964310502
13 5.017079 5.251834749934019
14 4.680856 5.719934336997562
15 5.489836 20.91921808514519
16 4.734748 20.247005403850817
17 5.106887 21.611269529871088
18 5.045023 19.22371371682837
19 4.457056 4.195765866139354
20 4.907507 4.121852449593307
21 5.425902 6.6114818055803966
22 4.879362 5.717992079889815
23 4.900763 5.608483728721966
24 4.918306 6.402325687113254
25 5.187242 6.535190334053091
26 4.968606 3.855544044565664
27 5.303307 4.770331983338905
28 5.021666 3.9378939194306692
29 5.148850 5.834510044046018
30 5.179802 5.215751053353962
31 4.970579 3.2797457893075315
32 5.158571 6.854772350616963
33 5.100711 6.563067996479402
34 5.393817 5.673568199571006
35 4.855441 6.046497942470015
36 5.123180 4.052347864220974
37 5.236910 4.883984901102613
38 5.580805 6.636308290957066
39 4.910568 3.8851012852695472
40 4.891378 3.0919418615503584
41 4.666921 5.7317023685037025
42 5.128207 5.208574184056719
43 4.946181 4.580238152597549
44 4.948698 4.28564280203609
45 5.429327 5.728490334805797
46 5.536690 5.1228543906732655
47 5.446198 4.94644810983968
48 5.041482 6.944600553916076
49 5.021803 4.315802401818941
50 5.634371 6.6860437641923625
51 4.977795 4.67825459088355
52 5.101999 5.6734638135397
53 4.981828 6.1809735670145125
54 4.943873 5.075766856264548
55 5.347810 3.977509715655011
56 4.827725 4.119140131101637
57 5.205074 4.929601027205297
58 5.293699 5.637076051062422
59 5.018233 5.72595180733869
60 4.851966 5.694085902939613
61 5.139141 4.607824077764911
62 4.869055 4.276146902384349
63 4.907015 4.848688619146856
64 5.355631 20.19228208746674
65 5.225315 18.816267655842793
66 5.129457 7.018635434445086
67 4.562362 3.8219748313354387
68 4.986346 5.578476162123461
69 5.135671 5.332320409020408
70 5.444142 5.783010100760164
71 4.608230 3.8383155998571636
72 4.744948 6.731971610629127
73 4.961530 3.1449647970516112
74 5.075448 4.642190236032872
75 5.812989 20.37391134333039
76 5.326346 19.336301842538347
77 5.571561 5.129033627533319
78 4.615329 6.285392902833686
79 5.225094 4.934311647745607
80 4.670082 3.8452204880884064
81 5.057092 6.456646021722439
82 4.821725 5.799090941428418
83 4.625935 6.545810022445683
84 4.828528 19.993378527301378
85 4.745601 20.736631074665585
86 4.937197 19.782254547158047
87 4.966740 5.5156951600931325
88 4.695192 5.295614371979872
89 4.703730 3.730469256693808
90 5.009598 4.245634672132634
91 5.160839 5.63473812544584
92 5.042631 20.068288882395283
93 5.176559 19.31731273334444
94 4.937609 20.0666250100374
95 5.463366 21.285579651576768
96 4.613366 20.418591329433628
97 4.892649 5.898781210879246
98 5.181061 6.9271259038949005
99 4.934772 3.6969737976830173
END
#################################################################
SECTION3 (Edges Information)
EndPoint0 EndPoint1 Weight
0 1 1.000000
0 9 1.000000
0 10 1.000000
0 90 1.000000
1 0 1.000000
1 2 1.000000
1 11 1.000000
1 91 1.000000
2 1 1.000000
2 3 1.000000
2 12 1.000000
2 92 1.000000
3 2 1.000000
3 4 1.000000
3 13 1.000000
3 93 1.000000
4 3 1.000000
4 5 1.000000
4 14 1.000000
4 94 1.000000
5 4 1.000000
5 6 1.000000
5 15 1.000000
5 95 1.000000
6 5 1.000000
6 7 1.000000
6 16 1.000000
6 96 1.000000
7 6 1.000000
7 8 1.000000
7 17 1.000000
7 97 1.000000
8 7 1.000000
8 9 1.000000
8 18 1.000000
8 98 1.000000
9 0 1.000000
9 8 1.000000
9 19 1.000000
9 99 1.000000
10 0 1.000000
10 11 1.000000
10 19 1.000000
10 20 1.000000
11 1 1.000000
11 10 1.000000
11 12 1.000000
11 21 1.000000
12 2 1.000000
12 11 1.000000
12 13 1.000000
12 22 1.000000
13 3 1.000000
13 12 1.000000
13 14 1.000000
13 23 1.000000
14 4 1.000000
14 13 1.000000
14 15 1.000000
14 24 1.000000
15 5 1.000000
15 14 1.000000
15 16 1.000000
15 25 1.000000
16 6 1.000000
16 15 1.000000
16 17 1.000000
16 26 1.000000
17 7 1.000000
17 16 1.000000
17 18 1.000000
17 27 1.000000
18 8 1.000000
18 17 1.000000
18 19 1.000000
18 28 1.000000
19 9 1.000000
19 10 1.000000
19 18 1.000000
19 29 1.000000
20 10 1.000000
20 21 1.000000
20 29 1.000000
20 30 1.000000
21 11 1.000000
21 20 1.000000
21 22 1.000000
21 31 1.000000
22 12 1.000000
22 21 1.000000
22 23 1.000000
22 32 1.000000
23 13 1.000000
23 22 1.000000
23 24 1.000000
23 33 1.000000
24 14 1.000000
24 23 1.000000
24 25 1.000000
24 34 1.000000
25 15 1.000000
25 24 1.000000
25 26 1.000000
25 35 1.000000
26 16 1.000000
26 25 1.000000
26 27 1.000000
26 36 1.000000
27 17 1.000000
27 26 1.000000
27 28 1.000000
27 37 1.000000
28 18 1.000000
28 27 1.000000
28 29 1.000000
28 38 1.000000
29 19 1.000000
29 20 1.000000
29 28 1.000000
29 39 1.000000
30 20 1.000000
30 31 1.000000
30 39 1.000000
30 40 1.000000
31 21 1.000000
31 30 1.000000
31 32 1.000000
31 41 1.000000
32 22 1.000000
32 31 1.000000
32 33 1.000000
32 42 1.000000
33 23 1.000000
33 32 1.000000
33 34 1.000000
33 43 1.000000
34 24 1.000000
34 33 1.000000
34 35 1.000000
34 44 1.000000
35 25 1.000000
35 34 1.000000
35 36 1.000000
35 45 1.000000
36 26 1.000000
36 35 1.000000
36 37 1.000000
36 46 1.000000
37 27 1.000000
37 36 1.000000
37 38 1.000000
37 47 1.000000
38 28 1.000000
38 37 1.000000
38 39 1.000000
38 48 1.000000
39 29 1.000000
39 30 1.000000
39 38 1.000000
39 49 1.000000
40 30 1.000000
40 41 1.000000
40 49 1.000000
40 50 1.000000
41 31 1.000000
41 40 1.000000
41 42 1.000000
41 51 1.000000
42 32 1.000000
42 41 1.000000
42 43 1.000000
42 52 1.000000
43 33 1.000000
43 42 1.000000
43 44 1.000000
43 53 1.000000
44 34 1.000000
44 43 1.000000
44 45 1.000000
44 54 1.000000
45 35 1.000000
45 44 1.000000
45 46 1.000000
45 55 1.000000
46 36 1.000000
46 45 1.000000
46 47 1.000000
46 56 1.000000
47 37 1.000000
47 46 1.000000
47 48 1.000000
47 57 1.000000
48 38 1.000000
48 47 1.000000
48 49 1.000000
48 58 1.000000
49 39 1.000000
49 40 1.000000
49 48 1.000000
49 59 1.000000
50 40 1.000000
50 51 1.000000
50 59 1.000000
50 60 1.000000
51 41 1.000000
51 50 1.000000
51 52 1.000000
51 61 1.000000
52 42 1.000000
52 51 1.000000
52 53 1.000000
52 62 1.000000
53 43 1.000000
53 52 1.000000
53 54 1.000000
53 63 1.000000
54 44 1.000000
54 53 1.000000
54 55 1.000000
54 64 1.000000
55 45 1.000000
55 54 1.000000
55 56 1.000000
55 65 1.000000
56 46 1.000000
56 55 1.000000
56 57 1.000000
56 66 1.000000
57 47 1.000000
57 56 1.000000
57 58 1.000000
57 67 1.000000
58 48 1.000000
58 57 1.000000
58 59 1.000000
58 68 1.000000
59 49 1.000000
59 50 1.000000
59 58 1.000000
59 69 1.000000
60 50 1.000000
60 61 1.000000
60 69 1.000000
60 70 1.000000
61 51 1.000000
61 60 1.000000
61 62 1.000000
61 71 1.000000
62 52 1.000000
62 61 1.000000
62 63 1.000000
62 72 1.000000
63 53 1.000000
63 62 1.000000
63 64 1.000000
63 73 1.000000
64 54 1.000000
64 63 1.000000
64 65 1.000000
64 74 1.000000
65 55 1.000000
65 64 1.000000
65 66 1.000000
65 75 1.000000
66 56 1.000000
66 65 1.000000
66 67 1.000000
66 76 1.000000
67 57 1.000000
67 66 1.000000
67 68 1.000000
67 77 1.000000
68 58 1.000000
68 67 1.000000
68 69 1.000000
68 78 1.000000
69 59 1.000000
69 60 1.000000
69 68 1.000000
69 79 1.000000
70 60 1.000000
70 71 1.000000
70 79 1.000000
70 80 1.000000
71 61 1.000000
71 70 1.000000
71 72 1.000000
71 81 1.000000
72 62 1.000000
72 71 1.000000
72 73 1.000000
72 82 1.000000
73 63 1.000000
73 72 1.000000
73 74 1.000000
73 83 1.000000
74 64 1.000000
74 73 1.000000
74 75 1.000000
74 84 1.000000
75 65 1.000000
75 74 1.000000
75 76 1.000000
75 85 1.000000
76 66 1.000000
76 75 1.000000
76 77 1.000000
76 86 1.000000
77 67 1.000000
77 76 1.000000
77 78 1.000000
77 87 1.000000
78 68 1.000000
78 77 1.000000
78 79 1.000000
78 88 1.000000
79 69 1.000000
79 70 1.000000
79 78 1.000000
79 89 1.000000
80 70 1.000000
80 81 1.000000
80 89 1.000000
80 90 1.000000
81 71 1.000000
81 80 1.000000
81 82 1.000000
81 91 1.000000
82 72 1.000000
82 81 1.000000
82 83 1.000000
82 92 1.000000
83 73 1.000000
83 82 1.000000
83 84 1.000000
83 93 1.000000
84 74 1.000000
84 83 1.000000
84 85 1.000000
84 94 1.000000
85 75 1.000000
85 84 1.000000
85 86 1.000000
85 95 1.000000
86 76 1.000000
86 85 1.000000
86 87 1.000000
86 96 1.000000
87 77 1.000000
87 86 1.000000
87 88 1.000000
87 97 1.000000
88 78 1.000000
88 87 1.000000
88 89 1.000000
88 98 1.000000
89 79 1.000000
89 80 1.000000
89 88 1.000000
89 99 1.000000
90 0 1.000000
90 80 1.000000
90 91 1.000000
90 99 1.000000
91 1 1.000000
91 81 1.000000
91 90 1.000000
91 92 1.000000
92 2 1.000000
92 82 1.000000
92 91 1.000000
92 93 1.000000
93 3 1.000000
93 83 1.000000
93 92 1.000000
93 94 1.000000
94 4 1.000000
94 84 1.000000
94 93 1.000000
94 95 1.000000
95 5 1.000000
95 85 1.000000
95 94 1.000000
95 96 1.000000
96 6 1.000000
96 86 1.000000
96 95 1.000000
96 97 1.000000
97 7 1.000000
97 87 1.000000
97 96 1.000000
97 98 1.000000
98 8 1.000000
98 88 1.000000
98 97 1.000000
98 99 1.000000
99 9 1.000000
99 89 1.000000
99 90 1.000000
99 98 1.000000
END
#################################################################
SECTION4 (TrueSubGraph Information)
EndPoint0 EndPoint1 Weight
92 93 1.0
93 94 1.0
94 84 1.0
84 85 1.0
85 95 1.0
95 5 1.0
5 15 1.0
15 16 1.0
16 17 1.0
17 18 1.0
18 8 1.0
8 7 1.0
7 6 1.0
6 96 1.0
96 86 1.0
86 76 1.0
76 75 1.0
75 65 1.0
65 64 1.0
END
#################################################################
