#################################################################
#APDM Input Graph, this input graph includes 3 sections:
#section1 : general information
#section2 : nodes
#section3 : edges
#section4 : trueSubGraph (Optional)
#
#if nodes haven't information set weight to null
#################################################################
SECTION1 (General Information)
numNodes = 100
numEdges = 200
usedAlgorithm = Test
dataSource = GridData
END
#################################################################
SECTION2 (Nodes Information)
NodeID Base Counts
0 4.839285 6.187439500662296
1 4.886433 6.262013724261648
2 4.935272 5.514933363097251
3 4.919973 20.245326357702567
4 4.946544 18.105766871543437
5 5.095699 19.10118248178754
6 4.784648 18.203036330409724
7 5.194194 4.125639654278821
8 4.621218 4.892644613744024
9 4.979671 6.627816250629428
10 5.165986 4.219856426438205
11 5.199636 6.40543410028597
12 4.740542 4.2947906803042
13 5.230271 18.580747686758052
14 5.263998 19.36907298067685
15 4.101760 19.38080357862598
16 5.269349 19.53753058868664
17 5.024549 5.457703021080609
18 5.019018 3.7418196709272022
19 4.983987 4.187295419359247
20 5.483431 4.1782963301452245
21 5.074539 5.045142002761195
22 4.916361 5.66235590893314
23 5.078391 19.361083883532526
24 4.872661 20.33996711363818
25 5.043144 20.44271651585602
26 5.396326 19.332360545503185
27 5.377299 6.056534968692807
28 4.478690 4.734374409502577
29 4.664941 5.13920327282655
30 4.698934 4.507726387064472
31 5.183640 4.514757651628706
32 4.986914 5.878857365584956
33 4.957790 3.1312304908209168
34 5.051641 5.565026810904967
35 4.930884 20.508553377283405
36 4.826153 18.70767203020626
37 4.596934 4.784845863760257
38 5.380272 4.5381196510141635
39 5.364284 5.606271049416563
40 4.917896 5.429194071313628
41 5.446868 5.4782731872899015
42 4.865715 4.572471099419933
43 4.453358 4.460530744487651
44 5.270488 4.563480870613482
45 5.190821 5.232102712355719
46 4.469891 7.52169385226798
47 5.403952 5.171465461827525
48 4.982407 5.034280584433526
49 4.679123 5.636716576193815
50 4.732449 3.2633836261604854
51 4.851254 6.324671429723232
52 4.998736 5.6228537145509945
53 4.913796 5.738788771354602
54 4.537120 4.379277453782052
55 5.039872 5.100971563356669
56 5.250012 4.467283359648657
57 4.862651 4.492334590143872
58 4.817839 5.041415601398867
59 5.584945 4.598251401585471
60 5.027505 6.975232122017517
61 5.249183 8.502975413336506
62 4.815316 3.650974887662634
63 4.954704 5.528708147043931
64 4.581981 4.590156910307034
65 5.160958 4.739430342216437
66 5.601197 5.02480147982702
67 4.690904 5.046546816674845
68 5.182394 6.587647238735576
69 5.458491 4.395130462906412
70 5.027440 4.157038728020522
71 4.811096 5.691764910940599
72 5.403811 5.025541251837868
73 4.685249 7.717119911030278
74 5.267323 4.30118007721098
75 4.828639 5.988104405676365
76 5.485818 4.647534869772668
77 4.996084 5.124394374719517
78 4.719285 4.586781272845003
79 4.920903 3.063735332846189
80 5.024849 3.960397356030291
81 4.754773 5.102200618346523
82 4.548728 5.53993232091514
83 5.391808 4.081657177608847
84 4.930801 5.677667914565129
85 5.140228 4.444343686060839
86 4.880136 5.13333638054835
87 4.655409 5.542928296956847
88 4.878406 5.317286680246249
89 5.233964 6.170742959754337
90 5.208828 5.514667720457142
91 4.844447 20.039789517540683
92 4.794537 20.201123582583936
93 4.621514 19.41600099867572
94 5.432947 19.353088205062207
95 4.706876 19.53381356587788
96 5.283547 19.769930750692186
97 5.107989 2.4478219669356323
98 4.705388 5.090651102643939
99 5.084813 4.495902773780463
END
#################################################################
SECTION3 (Edges Information)
EndPoint0 EndPoint1 Weight
0 1 1.000000
0 9 1.000000
0 10 1.000000
0 90 1.000000
1 0 1.000000
1 2 1.000000
1 11 1.000000
1 91 1.000000
2 1 1.000000
2 3 1.000000
2 12 1.000000
2 92 1.000000
3 2 1.000000
3 4 1.000000
3 13 1.000000
3 93 1.000000
4 3 1.000000
4 5 1.000000
4 14 1.000000
4 94 1.000000
5 4 1.000000
5 6 1.000000
5 15 1.000000
5 95 1.000000
6 5 1.000000
6 7 1.000000
6 16 1.000000
6 96 1.000000
7 6 1.000000
7 8 1.000000
7 17 1.000000
7 97 1.000000
8 7 1.000000
8 9 1.000000
8 18 1.000000
8 98 1.000000
9 0 1.000000
9 8 1.000000
9 19 1.000000
9 99 1.000000
10 0 1.000000
10 11 1.000000
10 19 1.000000
10 20 1.000000
11 1 1.000000
11 10 1.000000
11 12 1.000000
11 21 1.000000
12 2 1.000000
12 11 1.000000
12 13 1.000000
12 22 1.000000
13 3 1.000000
13 12 1.000000
13 14 1.000000
13 23 1.000000
14 4 1.000000
14 13 1.000000
14 15 1.000000
14 24 1.000000
15 5 1.000000
15 14 1.000000
15 16 1.000000
15 25 1.000000
16 6 1.000000
16 15 1.000000
16 17 1.000000
16 26 1.000000
17 7 1.000000
17 16 1.000000
17 18 1.000000
17 27 1.000000
18 8 1.000000
18 17 1.000000
18 19 1.000000
18 28 1.000000
19 9 1.000000
19 10 1.000000
19 18 1.000000
19 29 1.000000
20 10 1.000000
20 21 1.000000
20 29 1.000000
20 30 1.000000
21 11 1.000000
21 20 1.000000
21 22 1.000000
21 31 1.000000
22 12 1.000000
22 21 1.000000
22 23 1.000000
22 32 1.000000
23 13 1.000000
23 22 1.000000
23 24 1.000000
23 33 1.000000
24 14 1.000000
24 23 1.000000
24 25 1.000000
24 34 1.000000
25 15 1.000000
25 24 1.000000
25 26 1.000000
25 35 1.000000
26 16 1.000000
26 25 1.000000
26 27 1.000000
26 36 1.000000
27 17 1.000000
27 26 1.000000
27 28 1.000000
27 37 1.000000
28 18 1.000000
28 27 1.000000
28 29 1.000000
28 38 1.000000
29 19 1.000000
29 20 1.000000
29 28 1.000000
29 39 1.000000
30 20 1.000000
30 31 1.000000
30 39 1.000000
30 40 1.000000
31 21 1.000000
31 30 1.000000
31 32 1.000000
31 41 1.000000
32 22 1.000000
32 31 1.000000
32 33 1.000000
32 42 1.000000
33 23 1.000000
33 32 1.000000
33 34 1.000000
33 43 1.000000
34 24 1.000000
34 33 1.000000
34 35 1.000000
34 44 1.000000
35 25 1.000000
35 34 1.000000
35 36 1.000000
35 45 1.000000
36 26 1.000000
36 35 1.000000
36 37 1.000000
36 46 1.000000
37 27 1.000000
37 36 1.000000
37 38 1.000000
37 47 1.000000
38 28 1.000000
38 37 1.000000
38 39 1.000000
38 48 1.000000
39 29 1.000000
39 30 1.000000
39 38 1.000000
39 49 1.000000
40 30 1.000000
40 41 1.000000
40 49 1.000000
40 50 1.000000
41 31 1.000000
41 40 1.000000
41 42 1.000000
41 51 1.000000
42 32 1.000000
42 41 1.000000
42 43 1.000000
42 52 1.000000
43 33 1.000000
43 42 1.000000
43 44 1.000000
43 53 1.000000
44 34 1.000000
44 43 1.000000
44 45 1.000000
44 54 1.000000
45 35 1.000000
45 44 1.000000
45 46 1.000000
45 55 1.000000
46 36 1.000000
46 45 1.000000
46 47 1.000000
46 56 1.000000
47 37 1.000000
47 46 1.000000
47 48 1.000000
47 57 1.000000
48 38 1.000000
48 47 1.000000
48 49 1.000000
48 58 1.000000
49 39 1.000000
49 40 1.000000
49 48 1.000000
49 59 1.000000
50 40 1.000000
50 51 1.000000
50 59 1.000000
50 60 1.000000
51 41 1.000000
51 50 1.000000
51 52 1.000000
51 61 1.000000
52 42 1.000000
52 51 1.000000
52 53 1.000000
52 62 1.000000
53 43 1.000000
53 52 1.000000
53 54 1.000000
53 63 1.000000
54 44 1.000000
54 53 1.000000
54 55 1.000000
54 64 1.000000
55 45 1.000000
55 54 1.000000
55 56 1.000000
55 65 1.000000
56 46 1.000000
56 55 1.000000
56 57 1.000000
56 66 1.000000
57 47 1.000000
57 56 1.000000
57 58 1.000000
57 67 1.000000
58 48 1.000000
58 57 1.000000
58 59 1.000000
58 68 1.000000
59 49 1.000000
59 50 1.000000
59 58 1.000000
59 69 1.000000
60 50 1.000000
60 61 1.000000
60 69 1.000000
60 70 1.000000
61 51 1.000000
61 60 1.000000
61 62 1.000000
61 71 1.000000
62 52 1.000000
62 61 1.000000
62 63 1.000000
62 72 1.000000
63 53 1.000000
63 62 1.000000
63 64 1.000000
63 73 1.000000
64 54 1.000000
64 63 1.000000
64 65 1.000000
64 74 1.000000
65 55 1.000000
65 64 1.000000
65 66 1.000000
65 75 1.000000
66 56 1.000000
66 65 1.000000
66 67 1.000000
66 76 1.000000
67 57 1.000000
67 66 1.000000
67 68 1.000000
67 77 1.000000
68 58 1.000000
68 67 1.000000
68 69 1.000000
68 78 1.000000
69 59 1.000000
69 60 1.000000
69 68 1.000000
69 79 1.000000
70 60 1.000000
70 71 1.000000
70 79 1.000000
70 80 1.000000
71 61 1.000000
71 70 1.000000
71 72 1.000000
71 81 1.000000
72 62 1.000000
72 71 1.000000
72 73 1.000000
72 82 1.000000
73 63 1.000000
73 72 1.000000
73 74 1.000000
73 83 1.000000
74 64 1.000000
74 73 1.000000
74 75 1.000000
74 84 1.000000
75 65 1.000000
75 74 1.000000
75 76 1.000000
75 85 1.000000
76 66 1.000000
76 75 1.000000
76 77 1.000000
76 86 1.000000
77 67 1.000000
77 76 1.000000
77 78 1.000000
77 87 1.000000
78 68 1.000000
78 77 1.000000
78 79 1.000000
78 88 1.000000
79 69 1.000000
79 70 1.000000
79 78 1.000000
79 89 1.000000
80 70 1.000000
80 81 1.000000
80 89 1.000000
80 90 1.000000
81 71 1.000000
81 80 1.000000
81 82 1.000000
81 91 1.000000
82 72 1.000000
82 81 1.000000
82 83 1.000000
82 92 1.000000
83 73 1.000000
83 82 1.000000
83 84 1.000000
83 93 1.000000
84 74 1.000000
84 83 1.000000
84 85 1.000000
84 94 1.000000
85 75 1.000000
85 84 1.000000
85 86 1.000000
85 95 1.000000
86 76 1.000000
86 85 1.000000
86 87 1.000000
86 96 1.000000
87 77 1.000000
87 86 1.000000
87 88 1.000000
87 97 1.000000
88 78 1.000000
88 87 1.000000
88 89 1.000000
88 98 1.000000
89 79 1.000000
89 80 1.000000
89 88 1.000000
89 99 1.000000
90 0 1.000000
90 80 1.000000
90 91 1.000000
90 99 1.000000
91 1 1.000000
91 81 1.000000
91 90 1.000000
91 92 1.000000
92 2 1.000000
92 82 1.000000
92 91 1.000000
92 93 1.000000
93 3 1.000000
93 83 1.000000
93 92 1.000000
93 94 1.000000
94 4 1.000000
94 84 1.000000
94 93 1.000000
94 95 1.000000
95 5 1.000000
95 85 1.000000
95 94 1.000000
95 96 1.000000
96 6 1.000000
96 86 1.000000
96 95 1.000000
96 97 1.000000
97 7 1.000000
97 87 1.000000
97 96 1.000000
97 98 1.000000
98 8 1.000000
98 88 1.000000
98 97 1.000000
98 99 1.000000
99 9 1.000000
99 89 1.000000
99 90 1.000000
99 98 1.000000
END
#################################################################
SECTION4 (TrueSubGraph Information)
EndPoint0 EndPoint1 Weight
16 26 1.0
26 36 1.0
36 35 1.0
35 25 1.0
25 24 1.0
24 23 1.0
23 13 1.0
13 3 1.0
3 4 1.0
4 14 1.0
14 15 1.0
15 5 1.0
5 6 1.0
6 96 1.0
96 95 1.0
95 94 1.0
94 93 1.0
93 92 1.0
92 91 1.0
END
#################################################################
