#################################################################
#APDM Input Graph, this input graph includes 3 sections:
#section1 : general information
#section2 : nodes
#section3 : edges
#section4 : trueSubGraph (Optional)
#
#if nodes haven't information set weight to null
#################################################################
SECTION1 (General Information)
numNodes = 100
numEdges = 200
usedAlgorithm = Test
dataSource = GridData
END
#################################################################
SECTION2 (Nodes Information)
NodeID Base Counts
0 4.725140 5.30767848651336
1 4.612737 5.93134530716596
2 5.342709 5.842510977687133
3 4.975191 5.3686977240809615
4 5.261838 5.968610508083877
5 4.894258 5.136669851459142
6 5.213844 5.932282866681694
7 5.608518 4.300219335485942
8 5.119206 3.721927399474474
9 4.945699 3.9454210837261714
10 4.900113 5.677332734402457
11 5.444305 5.198523881802998
12 4.779476 4.407689733454562
13 5.031770 4.6534244893045615
14 4.916792 4.522129145395115
15 4.659258 19.97347077140987
16 5.303136 19.817852675116875
17 5.240950 19.922493505101116
18 5.368037 19.128723872022046
19 5.569338 7.231236189648326
20 4.930695 19.58741990815283
21 4.886016 19.70589448759953
22 4.685478 4.784488511930469
23 5.322424 7.046129962911368
24 4.841156 4.540070764814023
25 5.066862 20.58309533226535
26 5.018836 21.11939997740819
27 5.132216 20.61930861343577
28 4.464965 18.910764122605254
29 5.269491 8.106939806359815
30 4.442412 21.959185212786075
31 5.036304 20.535304069936217
32 5.002257 18.62395431206757
33 5.340006 16.943279892215287
34 4.699516 18.367245442310047
35 4.877632 19.950138100256652
36 5.372933 21.100544256662364
37 5.059744 19.5901609765374
38 4.625356 21.39263292216131
39 4.584585 20.777839644334705
40 5.177236 7.044676520717514
41 5.058457 21.719724105109915
42 5.110478 19.080058149782133
43 5.338823 19.183778782005742
44 4.457705 21.135252757429615
45 5.249285 19.714434056852404
46 5.248621 19.418736663618507
47 5.363738 18.5057964240996
48 5.413181 20.096653145254614
49 5.339784 3.4669549873153866
50 5.144545 6.6127352806764925
51 5.150690 20.087140787739198
52 4.990523 3.126166753760872
53 4.624326 5.806972341125757
54 4.858749 6.122423157257849
55 4.906224 4.8701274283944445
56 4.900076 4.233187141989478
57 5.381110 4.862106083864341
58 4.747122 5.552787780097619
59 5.289097 6.203341401798752
60 5.025894 5.081910932188762
61 4.994924 18.792958502343197
62 5.052441 5.546843803685201
63 5.414882 4.043137640321412
64 5.203138 4.871046549494988
65 4.759665 3.8992392858725866
66 5.058185 6.347644130573778
67 5.194216 4.60367912438732
68 5.030287 5.2054924446866515
69 5.114441 5.29030025056853
70 4.886061 3.9875847065595464
71 4.999455 4.357867220667803
72 5.031708 6.392711698212207
73 4.818634 5.194580629629523
74 4.954749 6.386793482420515
75 5.399726 3.957901668066653
76 5.710705 4.996219096396144
77 4.850150 4.873265106025155
78 4.988692 4.7819464242845475
79 4.431371 5.1563347137093265
80 5.007297 5.731452781037571
81 4.960739 4.432244729440003
82 5.137575 5.393480609382789
83 5.096594 5.2901444094748005
84 5.196089 5.7932613406115445
85 5.276885 5.020719039442982
86 4.789894 6.489945917731222
87 4.819610 6.300339253619614
88 5.235378 4.142633759070535
89 5.131633 5.551235961127599
90 5.329798 4.887418706202418
91 5.147118 2.245558800157967
92 5.150782 4.387142470764926
93 4.810584 4.809749648635095
94 5.119744 4.984447010106155
95 5.176360 5.50659550550951
96 5.101259 5.5989947054913145
97 5.043281 4.0171823948754435
98 4.996364 4.186482901465279
99 4.797012 6.008387986691639
END
#################################################################
SECTION3 (Edges Information)
EndPoint0 EndPoint1 Weight
0 1 1.000000
0 9 1.000000
0 10 1.000000
0 90 1.000000
1 0 1.000000
1 2 1.000000
1 11 1.000000
1 91 1.000000
2 1 1.000000
2 3 1.000000
2 12 1.000000
2 92 1.000000
3 2 1.000000
3 4 1.000000
3 13 1.000000
3 93 1.000000
4 3 1.000000
4 5 1.000000
4 14 1.000000
4 94 1.000000
5 4 1.000000
5 6 1.000000
5 15 1.000000
5 95 1.000000
6 5 1.000000
6 7 1.000000
6 16 1.000000
6 96 1.000000
7 6 1.000000
7 8 1.000000
7 17 1.000000
7 97 1.000000
8 7 1.000000
8 9 1.000000
8 18 1.000000
8 98 1.000000
9 0 1.000000
9 8 1.000000
9 19 1.000000
9 99 1.000000
10 0 1.000000
10 11 1.000000
10 19 1.000000
10 20 1.000000
11 1 1.000000
11 10 1.000000
11 12 1.000000
11 21 1.000000
12 2 1.000000
12 11 1.000000
12 13 1.000000
12 22 1.000000
13 3 1.000000
13 12 1.000000
13 14 1.000000
13 23 1.000000
14 4 1.000000
14 13 1.000000
14 15 1.000000
14 24 1.000000
15 5 1.000000
15 14 1.000000
15 16 1.000000
15 25 1.000000
16 6 1.000000
16 15 1.000000
16 17 1.000000
16 26 1.000000
17 7 1.000000
17 16 1.000000
17 18 1.000000
17 27 1.000000
18 8 1.000000
18 17 1.000000
18 19 1.000000
18 28 1.000000
19 9 1.000000
19 10 1.000000
19 18 1.000000
19 29 1.000000
20 10 1.000000
20 21 1.000000
20 29 1.000000
20 30 1.000000
21 11 1.000000
21 20 1.000000
21 22 1.000000
21 31 1.000000
22 12 1.000000
22 21 1.000000
22 23 1.000000
22 32 1.000000
23 13 1.000000
23 22 1.000000
23 24 1.000000
23 33 1.000000
24 14 1.000000
24 23 1.000000
24 25 1.000000
24 34 1.000000
25 15 1.000000
25 24 1.000000
25 26 1.000000
25 35 1.000000
26 16 1.000000
26 25 1.000000
26 27 1.000000
26 36 1.000000
27 17 1.000000
27 26 1.000000
27 28 1.000000
27 37 1.000000
28 18 1.000000
28 27 1.000000
28 29 1.000000
28 38 1.000000
29 19 1.000000
29 20 1.000000
29 28 1.000000
29 39 1.000000
30 20 1.000000
30 31 1.000000
30 39 1.000000
30 40 1.000000
31 21 1.000000
31 30 1.000000
31 32 1.000000
31 41 1.000000
32 22 1.000000
32 31 1.000000
32 33 1.000000
32 42 1.000000
33 23 1.000000
33 32 1.000000
33 34 1.000000
33 43 1.000000
34 24 1.000000
34 33 1.000000
34 35 1.000000
34 44 1.000000
35 25 1.000000
35 34 1.000000
35 36 1.000000
35 45 1.000000
36 26 1.000000
36 35 1.000000
36 37 1.000000
36 46 1.000000
37 27 1.000000
37 36 1.000000
37 38 1.000000
37 47 1.000000
38 28 1.000000
38 37 1.000000
38 39 1.000000
38 48 1.000000
39 29 1.000000
39 30 1.000000
39 38 1.000000
39 49 1.000000
40 30 1.000000
40 41 1.000000
40 49 1.000000
40 50 1.000000
41 31 1.000000
41 40 1.000000
41 42 1.000000
41 51 1.000000
42 32 1.000000
42 41 1.000000
42 43 1.000000
42 52 1.000000
43 33 1.000000
43 42 1.000000
43 44 1.000000
43 53 1.000000
44 34 1.000000
44 43 1.000000
44 45 1.000000
44 54 1.000000
45 35 1.000000
45 44 1.000000
45 46 1.000000
45 55 1.000000
46 36 1.000000
46 45 1.000000
46 47 1.000000
46 56 1.000000
47 37 1.000000
47 46 1.000000
47 48 1.000000
47 57 1.000000
48 38 1.000000
48 47 1.000000
48 49 1.000000
48 58 1.000000
49 39 1.000000
49 40 1.000000
49 48 1.000000
49 59 1.000000
50 40 1.000000
50 51 1.000000
50 59 1.000000
50 60 1.000000
51 41 1.000000
51 50 1.000000
51 52 1.000000
51 61 1.000000
52 42 1.000000
52 51 1.000000
52 53 1.000000
52 62 1.000000
53 43 1.000000
53 52 1.000000
53 54 1.000000
53 63 1.000000
54 44 1.000000
54 53 1.000000
54 55 1.000000
54 64 1.000000
55 45 1.000000
55 54 1.000000
55 56 1.000000
55 65 1.000000
56 46 1.000000
56 55 1.000000
56 57 1.000000
56 66 1.000000
57 47 1.000000
57 56 1.000000
57 58 1.000000
57 67 1.000000
58 48 1.000000
58 57 1.000000
58 59 1.000000
58 68 1.000000
59 49 1.000000
59 50 1.000000
59 58 1.000000
59 69 1.000000
60 50 1.000000
60 61 1.000000
60 69 1.000000
60 70 1.000000
61 51 1.000000
61 60 1.000000
61 62 1.000000
61 71 1.000000
62 52 1.000000
62 61 1.000000
62 63 1.000000
62 72 1.000000
63 53 1.000000
63 62 1.000000
63 64 1.000000
63 73 1.000000
64 54 1.000000
64 63 1.000000
64 65 1.000000
64 74 1.000000
65 55 1.000000
65 64 1.000000
65 66 1.000000
65 75 1.000000
66 56 1.000000
66 65 1.000000
66 67 1.000000
66 76 1.000000
67 57 1.000000
67 66 1.000000
67 68 1.000000
67 77 1.000000
68 58 1.000000
68 67 1.000000
68 69 1.000000
68 78 1.000000
69 59 1.000000
69 60 1.000000
69 68 1.000000
69 79 1.000000
70 60 1.000000
70 71 1.000000
70 79 1.000000
70 80 1.000000
71 61 1.000000
71 70 1.000000
71 72 1.000000
71 81 1.000000
72 62 1.000000
72 71 1.000000
72 73 1.000000
72 82 1.000000
73 63 1.000000
73 72 1.000000
73 74 1.000000
73 83 1.000000
74 64 1.000000
74 73 1.000000
74 75 1.000000
74 84 1.000000
75 65 1.000000
75 74 1.000000
75 76 1.000000
75 85 1.000000
76 66 1.000000
76 75 1.000000
76 77 1.000000
76 86 1.000000
77 67 1.000000
77 76 1.000000
77 78 1.000000
77 87 1.000000
78 68 1.000000
78 77 1.000000
78 79 1.000000
78 88 1.000000
79 69 1.000000
79 70 1.000000
79 78 1.000000
79 89 1.000000
80 70 1.000000
80 81 1.000000
80 89 1.000000
80 90 1.000000
81 71 1.000000
81 80 1.000000
81 82 1.000000
81 91 1.000000
82 72 1.000000
82 81 1.000000
82 83 1.000000
82 92 1.000000
83 73 1.000000
83 82 1.000000
83 84 1.000000
83 93 1.000000
84 74 1.000000
84 83 1.000000
84 85 1.000000
84 94 1.000000
85 75 1.000000
85 84 1.000000
85 86 1.000000
85 95 1.000000
86 76 1.000000
86 85 1.000000
86 87 1.000000
86 96 1.000000
87 77 1.000000
87 86 1.000000
87 88 1.000000
87 97 1.000000
88 78 1.000000
88 87 1.000000
88 89 1.000000
88 98 1.000000
89 79 1.000000
89 80 1.000000
89 88 1.000000
89 99 1.000000
90 0 1.000000
90 80 1.000000
90 91 1.000000
90 99 1.000000
91 1 1.000000
91 81 1.000000
91 90 1.000000
91 92 1.000000
92 2 1.000000
92 82 1.000000
92 91 1.000000
92 93 1.000000
93 3 1.000000
93 83 1.000000
93 92 1.000000
93 94 1.000000
94 4 1.000000
94 84 1.000000
94 93 1.000000
94 95 1.000000
95 5 1.000000
95 85 1.000000
95 94 1.000000
95 96 1.000000
96 6 1.000000
96 86 1.000000
96 95 1.000000
96 97 1.000000
97 7 1.000000
97 87 1.000000
97 96 1.000000
97 98 1.000000
98 8 1.000000
98 88 1.000000
98 97 1.000000
98 99 1.000000
99 9 1.000000
99 89 1.000000
99 90 1.000000
99 98 1.000000
END
#################################################################
SECTION4 (TrueSubGraph Information)
EndPoint0 EndPoint1 Weight
28 18 1.0
18 17 1.0
17 27 1.0
27 37 1.0
37 36 1.0
36 26 1.0
26 16 1.0
16 15 1.0
15 25 1.0
25 35 1.0
35 34 1.0
34 33 1.0
33 32 1.0
32 42 1.0
42 43 1.0
43 44 1.0
44 45 1.0
45 46 1.0
46 47 1.0
47 48 1.0
48 38 1.0
38 39 1.0
39 30 1.0
30 20 1.0
20 21 1.0
21 31 1.0
31 41 1.0
41 51 1.0
51 61 1.0
END
#################################################################
