#################################################################
#APDM Input Graph, this input graph includes 3 sections:
#section1 : general information
#section2 : nodes
#section3 : edges
#section4 : trueSubGraph (Optional)
#
#if nodes haven't information set weight to null
#################################################################
SECTION1 (General Information)
numNodes = 100
numEdges = 200
usedAlgorithm = Test
dataSource = GridData
END
#################################################################
SECTION2 (Nodes Information)
NodeID Base Counts
0 5.120994 5.000013258847461
1 4.662665 5.065429665963643
2 5.020811 18.73039801928623
3 5.295826 21.61790460331284
4 5.697013 20.431910361317495
5 5.363543 20.245920007095773
6 5.244810 4.868550809018514
7 5.536395 5.6771530458941575
8 4.963789 4.786812097658159
9 5.080693 5.543036505886699
10 4.729531 6.815902412892622
11 4.708119 4.1139814197374776
12 4.421992 17.753171635918477
13 4.881088 20.310126498669224
14 5.392781 20.848947354904585
15 5.575156 20.031816545608415
16 4.832804 17.513765461881327
17 4.709758 4.141780997690598
18 5.019856 4.797125820525259
19 5.456757 5.4216640128417035
20 4.752772 4.132221981441054
21 4.824564 5.889306755633933
22 5.414386 20.13209424111059
23 4.898009 21.632739798044796
24 5.117942 20.74989672679761
25 4.907314 21.62236272687689
26 5.002912 19.965771734344752
27 4.973202 5.051459278719933
28 5.471460 5.788601879016862
29 4.891922 5.878335399076243
30 5.416825 18.320417441875367
31 5.097546 3.6642151549859117
32 5.065200 4.278565499833948
33 4.800571 20.295879415465844
34 5.420885 18.70068556428904
35 5.068055 17.383859407298427
36 4.504372 20.045553936207288
37 4.233048 20.15506149170392
38 5.183581 4.943265443858265
39 4.932682 18.034957561213957
40 5.150321 20.967280161942327
41 5.049605 19.123167269401055
42 4.942346 19.267025571292955
43 4.429763 19.10084143426565
44 5.102934 4.562922437995018
45 4.656140 6.768563378010091
46 4.799786 3.903910078438599
47 4.843418 19.747279672430636
48 5.209902 19.499664251814348
49 4.783324 19.826453559612997
50 4.869348 3.9530796806888944
51 5.052301 19.962165922197535
52 4.490184 21.105480650510145
53 5.114518 3.1233429422013654
54 4.892707 4.982260636830895
55 5.346414 4.620054064703035
56 5.163119 5.081622580821097
57 5.339502 4.1002620746255705
58 4.758017 6.700425030296315
59 4.749845 3.489390108208116
60 4.815734 5.3416136973046635
61 5.083425 3.7874730124879172
62 5.011616 5.396916443850717
63 4.662174 3.779661336916986
64 4.504369 4.164317272312151
65 5.060843 4.067253995909488
66 4.886820 5.816665871278028
67 4.856855 5.6218646478305
68 4.261889 4.419426430262389
69 5.180734 5.235030044599203
70 4.831960 4.326506319650707
71 4.428560 5.3446675490949085
72 5.076584 5.407474210415903
73 4.790358 4.417028977278062
74 5.149136 2.9515645588010995
75 5.330745 4.069835904302807
76 4.359375 5.397935798851891
77 4.458793 6.856633753892619
78 4.917520 5.225938461017472
79 4.470021 5.567406468213191
80 4.862300 4.190983760582483
81 4.934454 4.570574056756885
82 4.756423 5.431720616623549
83 4.901659 4.217077411351315
84 5.247251 6.200897598762633
85 4.874866 6.459051137930578
86 5.323435 3.239683906244053
87 4.525462 4.615366085425242
88 5.370328 4.289494959662918
89 4.861057 3.1298273840327435
90 5.283265 3.7546572995883123
91 5.442495 5.942943567877117
92 5.329580 4.83731097553395
93 5.110208 4.567130490781875
94 5.044263 4.699749537354283
95 5.438495 5.401702592027247
96 4.982367 6.221943082426617
97 5.063246 3.5750159121593863
98 4.959569 3.681280399957111
99 4.580403 4.171889813819753
END
#################################################################
SECTION3 (Edges Information)
EndPoint0 EndPoint1 Weight
0 1 1.000000
0 9 1.000000
0 10 1.000000
0 90 1.000000
1 0 1.000000
1 2 1.000000
1 11 1.000000
1 91 1.000000
2 1 1.000000
2 3 1.000000
2 12 1.000000
2 92 1.000000
3 2 1.000000
3 4 1.000000
3 13 1.000000
3 93 1.000000
4 3 1.000000
4 5 1.000000
4 14 1.000000
4 94 1.000000
5 4 1.000000
5 6 1.000000
5 15 1.000000
5 95 1.000000
6 5 1.000000
6 7 1.000000
6 16 1.000000
6 96 1.000000
7 6 1.000000
7 8 1.000000
7 17 1.000000
7 97 1.000000
8 7 1.000000
8 9 1.000000
8 18 1.000000
8 98 1.000000
9 0 1.000000
9 8 1.000000
9 19 1.000000
9 99 1.000000
10 0 1.000000
10 11 1.000000
10 19 1.000000
10 20 1.000000
11 1 1.000000
11 10 1.000000
11 12 1.000000
11 21 1.000000
12 2 1.000000
12 11 1.000000
12 13 1.000000
12 22 1.000000
13 3 1.000000
13 12 1.000000
13 14 1.000000
13 23 1.000000
14 4 1.000000
14 13 1.000000
14 15 1.000000
14 24 1.000000
15 5 1.000000
15 14 1.000000
15 16 1.000000
15 25 1.000000
16 6 1.000000
16 15 1.000000
16 17 1.000000
16 26 1.000000
17 7 1.000000
17 16 1.000000
17 18 1.000000
17 27 1.000000
18 8 1.000000
18 17 1.000000
18 19 1.000000
18 28 1.000000
19 9 1.000000
19 10 1.000000
19 18 1.000000
19 29 1.000000
20 10 1.000000
20 21 1.000000
20 29 1.000000
20 30 1.000000
21 11 1.000000
21 20 1.000000
21 22 1.000000
21 31 1.000000
22 12 1.000000
22 21 1.000000
22 23 1.000000
22 32 1.000000
23 13 1.000000
23 22 1.000000
23 24 1.000000
23 33 1.000000
24 14 1.000000
24 23 1.000000
24 25 1.000000
24 34 1.000000
25 15 1.000000
25 24 1.000000
25 26 1.000000
25 35 1.000000
26 16 1.000000
26 25 1.000000
26 27 1.000000
26 36 1.000000
27 17 1.000000
27 26 1.000000
27 28 1.000000
27 37 1.000000
28 18 1.000000
28 27 1.000000
28 29 1.000000
28 38 1.000000
29 19 1.000000
29 20 1.000000
29 28 1.000000
29 39 1.000000
30 20 1.000000
30 31 1.000000
30 39 1.000000
30 40 1.000000
31 21 1.000000
31 30 1.000000
31 32 1.000000
31 41 1.000000
32 22 1.000000
32 31 1.000000
32 33 1.000000
32 42 1.000000
33 23 1.000000
33 32 1.000000
33 34 1.000000
33 43 1.000000
34 24 1.000000
34 33 1.000000
34 35 1.000000
34 44 1.000000
35 25 1.000000
35 34 1.000000
35 36 1.000000
35 45 1.000000
36 26 1.000000
36 35 1.000000
36 37 1.000000
36 46 1.000000
37 27 1.000000
37 36 1.000000
37 38 1.000000
37 47 1.000000
38 28 1.000000
38 37 1.000000
38 39 1.000000
38 48 1.000000
39 29 1.000000
39 30 1.000000
39 38 1.000000
39 49 1.000000
40 30 1.000000
40 41 1.000000
40 49 1.000000
40 50 1.000000
41 31 1.000000
41 40 1.000000
41 42 1.000000
41 51 1.000000
42 32 1.000000
42 41 1.000000
42 43 1.000000
42 52 1.000000
43 33 1.000000
43 42 1.000000
43 44 1.000000
43 53 1.000000
44 34 1.000000
44 43 1.000000
44 45 1.000000
44 54 1.000000
45 35 1.000000
45 44 1.000000
45 46 1.000000
45 55 1.000000
46 36 1.000000
46 45 1.000000
46 47 1.000000
46 56 1.000000
47 37 1.000000
47 46 1.000000
47 48 1.000000
47 57 1.000000
48 38 1.000000
48 47 1.000000
48 49 1.000000
48 58 1.000000
49 39 1.000000
49 40 1.000000
49 48 1.000000
49 59 1.000000
50 40 1.000000
50 51 1.000000
50 59 1.000000
50 60 1.000000
51 41 1.000000
51 50 1.000000
51 52 1.000000
51 61 1.000000
52 42 1.000000
52 51 1.000000
52 53 1.000000
52 62 1.000000
53 43 1.000000
53 52 1.000000
53 54 1.000000
53 63 1.000000
54 44 1.000000
54 53 1.000000
54 55 1.000000
54 64 1.000000
55 45 1.000000
55 54 1.000000
55 56 1.000000
55 65 1.000000
56 46 1.000000
56 55 1.000000
56 57 1.000000
56 66 1.000000
57 47 1.000000
57 56 1.000000
57 58 1.000000
57 67 1.000000
58 48 1.000000
58 57 1.000000
58 59 1.000000
58 68 1.000000
59 49 1.000000
59 50 1.000000
59 58 1.000000
59 69 1.000000
60 50 1.000000
60 61 1.000000
60 69 1.000000
60 70 1.000000
61 51 1.000000
61 60 1.000000
61 62 1.000000
61 71 1.000000
62 52 1.000000
62 61 1.000000
62 63 1.000000
62 72 1.000000
63 53 1.000000
63 62 1.000000
63 64 1.000000
63 73 1.000000
64 54 1.000000
64 63 1.000000
64 65 1.000000
64 74 1.000000
65 55 1.000000
65 64 1.000000
65 66 1.000000
65 75 1.000000
66 56 1.000000
66 65 1.000000
66 67 1.000000
66 76 1.000000
67 57 1.000000
67 66 1.000000
67 68 1.000000
67 77 1.000000
68 58 1.000000
68 67 1.000000
68 69 1.000000
68 78 1.000000
69 59 1.000000
69 60 1.000000
69 68 1.000000
69 79 1.000000
70 60 1.000000
70 71 1.000000
70 79 1.000000
70 80 1.000000
71 61 1.000000
71 70 1.000000
71 72 1.000000
71 81 1.000000
72 62 1.000000
72 71 1.000000
72 73 1.000000
72 82 1.000000
73 63 1.000000
73 72 1.000000
73 74 1.000000
73 83 1.000000
74 64 1.000000
74 73 1.000000
74 75 1.000000
74 84 1.000000
75 65 1.000000
75 74 1.000000
75 76 1.000000
75 85 1.000000
76 66 1.000000
76 75 1.000000
76 77 1.000000
76 86 1.000000
77 67 1.000000
77 76 1.000000
77 78 1.000000
77 87 1.000000
78 68 1.000000
78 77 1.000000
78 79 1.000000
78 88 1.000000
79 69 1.000000
79 70 1.000000
79 78 1.000000
79 89 1.000000
80 70 1.000000
80 81 1.000000
80 89 1.000000
80 90 1.000000
81 71 1.000000
81 80 1.000000
81 82 1.000000
81 91 1.000000
82 72 1.000000
82 81 1.000000
82 83 1.000000
82 92 1.000000
83 73 1.000000
83 82 1.000000
83 84 1.000000
83 93 1.000000
84 74 1.000000
84 83 1.000000
84 85 1.000000
84 94 1.000000
85 75 1.000000
85 84 1.000000
85 86 1.000000
85 95 1.000000
86 76 1.000000
86 85 1.000000
86 87 1.000000
86 96 1.000000
87 77 1.000000
87 86 1.000000
87 88 1.000000
87 97 1.000000
88 78 1.000000
88 87 1.000000
88 89 1.000000
88 98 1.000000
89 79 1.000000
89 80 1.000000
89 88 1.000000
89 99 1.000000
90 0 1.000000
90 80 1.000000
90 91 1.000000
90 99 1.000000
91 1 1.000000
91 81 1.000000
91 90 1.000000
91 92 1.000000
92 2 1.000000
92 82 1.000000
92 91 1.000000
92 93 1.000000
93 3 1.000000
93 83 1.000000
93 92 1.000000
93 94 1.000000
94 4 1.000000
94 84 1.000000
94 93 1.000000
94 95 1.000000
95 5 1.000000
95 85 1.000000
95 94 1.000000
95 96 1.000000
96 6 1.000000
96 86 1.000000
96 95 1.000000
96 97 1.000000
97 7 1.000000
97 87 1.000000
97 96 1.000000
97 98 1.000000
98 8 1.000000
98 88 1.000000
98 97 1.000000
98 99 1.000000
99 9 1.000000
99 89 1.000000
99 90 1.000000
99 98 1.000000
END
#################################################################
SECTION4 (TrueSubGraph Information)
EndPoint0 EndPoint1 Weight
25 24 1.0
24 14 1.0
14 13 1.0
13 23 1.0
23 22 1.0
22 12 1.0
12 2 1.0
2 3 1.0
3 4 1.0
4 5 1.0
5 15 1.0
15 16 1.0
16 26 1.0
26 36 1.0
36 35 1.0
35 34 1.0
34 33 1.0
33 43 1.0
43 42 1.0
42 52 1.0
52 51 1.0
51 41 1.0
41 40 1.0
40 30 1.0
30 39 1.0
39 49 1.0
49 48 1.0
48 47 1.0
47 37 1.0
END
#################################################################
