#################################################################
#APDM Input Graph, this input graph includes 3 sections:
#section1 : general information
#section2 : nodes
#section3 : edges
#section4 : trueSubGraph (Optional)
#
#if nodes haven't information set weight to null
#################################################################
SECTION1 (General Information)
numNodes = 100
numEdges = 200
usedAlgorithm = Test
dataSource = GridData
END
#################################################################
SECTION2 (Nodes Information)
NodeID Base Counts
0 5.041348 20.804519705216773
1 4.879183 20.02684906144014
2 5.485232 5.5587622450242415
3 5.112492 3.0233056514527217
4 5.147936 4.571271579432257
5 5.082480 5.2381837296892195
6 4.913756 4.6461301085144315
7 4.697624 6.098537074213818
8 5.024255 4.664854651998776
9 5.431799 18.726628781546573
10 5.163037 19.999877620548435
11 5.071290 19.322041017298588
12 4.900007 4.028807146558231
13 4.896142 2.949071367307747
14 5.522228 5.34815317615461
15 5.251625 5.14393562400765
16 4.866144 5.184200869531653
17 5.489864 4.845145644643601
18 4.908532 3.4390891196509705
19 4.986603 4.373690388592845
20 4.674357 22.22692824695513
21 5.242218 20.280255196511618
22 4.650596 3.9895434303853454
23 5.144517 6.751754960561655
24 5.219575 4.022171071659813
25 5.344809 4.773291043387962
26 4.817839 5.5915840140489435
27 5.082253 5.657996665324843
28 5.246072 5.65447195826591
29 4.782668 4.5453824821435385
30 4.596527 17.935676516765003
31 5.044945 19.64660198838345
32 5.403485 5.109656710283222
33 5.208864 2.877159291259858
34 4.673060 5.422741416467704
35 5.288949 3.4936783760750374
36 4.792113 5.384959781553645
37 4.537164 5.43961671566867
38 5.013854 5.304025435712437
39 5.254930 5.8066456285069705
40 4.665220 18.62970812308927
41 5.339779 6.753749408598533
42 4.551265 5.51980752768142
43 5.179128 4.257018663124477
44 5.019992 3.417965762886872
45 4.763610 4.7529268252950505
46 4.871596 5.58375079972446
47 4.695265 6.317202610843445
48 5.069199 5.817239345056853
49 5.226159 5.079583551788952
50 5.243692 5.800279401485263
51 5.244927 4.857054444796977
52 4.677793 6.878064881600929
53 4.837529 4.36254368466872
54 4.750700 5.716473912721037
55 5.149451 5.679437196250147
56 5.261433 3.902677510330702
57 4.577594 4.4344161021310615
58 4.892322 5.1568186876890625
59 4.462976 5.827887179364328
60 5.420959 6.311285696038326
61 5.011891 5.3711194598185115
62 5.300976 4.70128845469807
63 4.789987 5.94910943296299
64 4.721838 6.225349333548707
65 4.464366 4.544111893184204
66 4.682578 6.7806996754196645
67 4.949032 18.406263677469905
68 4.760868 3.4378029958040934
69 5.237732 4.665241239703506
70 5.039984 21.189538809980277
71 5.310188 4.007548843145477
72 5.118262 3.761033304613753
73 5.136114 6.775313012115942
74 5.272567 5.697395478960411
75 4.302899 4.468114479037711
76 5.096176 5.751692504384398
77 5.057442 20.50180571732304
78 5.198587 20.675999702200897
79 4.722937 19.72688617995565
80 4.754665 19.29984934804445
81 5.256749 18.81299251454939
82 4.847063 5.163891547140704
83 6.109479 4.628638141808908
84 4.677807 3.3136743806703164
85 5.119921 6.15445988894642
86 5.198017 4.977422590070306
87 5.667294 5.10968946762304
88 4.585034 5.586704889789977
89 5.093497 6.655768735695173
90 4.762180 19.598506544307867
91 5.413969 20.060311033420554
92 4.414052 2.7548201037780893
93 5.117710 4.991713800181597
94 4.567999 4.705392370642364
95 5.545834 4.594681110231194
96 5.694015 3.0675898870290803
97 4.589604 6.4141259483541
98 4.454983 6.2591443245795695
99 5.091763 20.611970173712397
END
#################################################################
SECTION3 (Edges Information)
EndPoint0 EndPoint1 Weight
0 1 1.000000
0 9 1.000000
0 10 1.000000
0 90 1.000000
1 0 1.000000
1 2 1.000000
1 11 1.000000
1 91 1.000000
2 1 1.000000
2 3 1.000000
2 12 1.000000
2 92 1.000000
3 2 1.000000
3 4 1.000000
3 13 1.000000
3 93 1.000000
4 3 1.000000
4 5 1.000000
4 14 1.000000
4 94 1.000000
5 4 1.000000
5 6 1.000000
5 15 1.000000
5 95 1.000000
6 5 1.000000
6 7 1.000000
6 16 1.000000
6 96 1.000000
7 6 1.000000
7 8 1.000000
7 17 1.000000
7 97 1.000000
8 7 1.000000
8 9 1.000000
8 18 1.000000
8 98 1.000000
9 0 1.000000
9 8 1.000000
9 19 1.000000
9 99 1.000000
10 0 1.000000
10 11 1.000000
10 19 1.000000
10 20 1.000000
11 1 1.000000
11 10 1.000000
11 12 1.000000
11 21 1.000000
12 2 1.000000
12 11 1.000000
12 13 1.000000
12 22 1.000000
13 3 1.000000
13 12 1.000000
13 14 1.000000
13 23 1.000000
14 4 1.000000
14 13 1.000000
14 15 1.000000
14 24 1.000000
15 5 1.000000
15 14 1.000000
15 16 1.000000
15 25 1.000000
16 6 1.000000
16 15 1.000000
16 17 1.000000
16 26 1.000000
17 7 1.000000
17 16 1.000000
17 18 1.000000
17 27 1.000000
18 8 1.000000
18 17 1.000000
18 19 1.000000
18 28 1.000000
19 9 1.000000
19 10 1.000000
19 18 1.000000
19 29 1.000000
20 10 1.000000
20 21 1.000000
20 29 1.000000
20 30 1.000000
21 11 1.000000
21 20 1.000000
21 22 1.000000
21 31 1.000000
22 12 1.000000
22 21 1.000000
22 23 1.000000
22 32 1.000000
23 13 1.000000
23 22 1.000000
23 24 1.000000
23 33 1.000000
24 14 1.000000
24 23 1.000000
24 25 1.000000
24 34 1.000000
25 15 1.000000
25 24 1.000000
25 26 1.000000
25 35 1.000000
26 16 1.000000
26 25 1.000000
26 27 1.000000
26 36 1.000000
27 17 1.000000
27 26 1.000000
27 28 1.000000
27 37 1.000000
28 18 1.000000
28 27 1.000000
28 29 1.000000
28 38 1.000000
29 19 1.000000
29 20 1.000000
29 28 1.000000
29 39 1.000000
30 20 1.000000
30 31 1.000000
30 39 1.000000
30 40 1.000000
31 21 1.000000
31 30 1.000000
31 32 1.000000
31 41 1.000000
32 22 1.000000
32 31 1.000000
32 33 1.000000
32 42 1.000000
33 23 1.000000
33 32 1.000000
33 34 1.000000
33 43 1.000000
34 24 1.000000
34 33 1.000000
34 35 1.000000
34 44 1.000000
35 25 1.000000
35 34 1.000000
35 36 1.000000
35 45 1.000000
36 26 1.000000
36 35 1.000000
36 37 1.000000
36 46 1.000000
37 27 1.000000
37 36 1.000000
37 38 1.000000
37 47 1.000000
38 28 1.000000
38 37 1.000000
38 39 1.000000
38 48 1.000000
39 29 1.000000
39 30 1.000000
39 38 1.000000
39 49 1.000000
40 30 1.000000
40 41 1.000000
40 49 1.000000
40 50 1.000000
41 31 1.000000
41 40 1.000000
41 42 1.000000
41 51 1.000000
42 32 1.000000
42 41 1.000000
42 43 1.000000
42 52 1.000000
43 33 1.000000
43 42 1.000000
43 44 1.000000
43 53 1.000000
44 34 1.000000
44 43 1.000000
44 45 1.000000
44 54 1.000000
45 35 1.000000
45 44 1.000000
45 46 1.000000
45 55 1.000000
46 36 1.000000
46 45 1.000000
46 47 1.000000
46 56 1.000000
47 37 1.000000
47 46 1.000000
47 48 1.000000
47 57 1.000000
48 38 1.000000
48 47 1.000000
48 49 1.000000
48 58 1.000000
49 39 1.000000
49 40 1.000000
49 48 1.000000
49 59 1.000000
50 40 1.000000
50 51 1.000000
50 59 1.000000
50 60 1.000000
51 41 1.000000
51 50 1.000000
51 52 1.000000
51 61 1.000000
52 42 1.000000
52 51 1.000000
52 53 1.000000
52 62 1.000000
53 43 1.000000
53 52 1.000000
53 54 1.000000
53 63 1.000000
54 44 1.000000
54 53 1.000000
54 55 1.000000
54 64 1.000000
55 45 1.000000
55 54 1.000000
55 56 1.000000
55 65 1.000000
56 46 1.000000
56 55 1.000000
56 57 1.000000
56 66 1.000000
57 47 1.000000
57 56 1.000000
57 58 1.000000
57 67 1.000000
58 48 1.000000
58 57 1.000000
58 59 1.000000
58 68 1.000000
59 49 1.000000
59 50 1.000000
59 58 1.000000
59 69 1.000000
60 50 1.000000
60 61 1.000000
60 69 1.000000
60 70 1.000000
61 51 1.000000
61 60 1.000000
61 62 1.000000
61 71 1.000000
62 52 1.000000
62 61 1.000000
62 63 1.000000
62 72 1.000000
63 53 1.000000
63 62 1.000000
63 64 1.000000
63 73 1.000000
64 54 1.000000
64 63 1.000000
64 65 1.000000
64 74 1.000000
65 55 1.000000
65 64 1.000000
65 66 1.000000
65 75 1.000000
66 56 1.000000
66 65 1.000000
66 67 1.000000
66 76 1.000000
67 57 1.000000
67 66 1.000000
67 68 1.000000
67 77 1.000000
68 58 1.000000
68 67 1.000000
68 69 1.000000
68 78 1.000000
69 59 1.000000
69 60 1.000000
69 68 1.000000
69 79 1.000000
70 60 1.000000
70 71 1.000000
70 79 1.000000
70 80 1.000000
71 61 1.000000
71 70 1.000000
71 72 1.000000
71 81 1.000000
72 62 1.000000
72 71 1.000000
72 73 1.000000
72 82 1.000000
73 63 1.000000
73 72 1.000000
73 74 1.000000
73 83 1.000000
74 64 1.000000
74 73 1.000000
74 75 1.000000
74 84 1.000000
75 65 1.000000
75 74 1.000000
75 76 1.000000
75 85 1.000000
76 66 1.000000
76 75 1.000000
76 77 1.000000
76 86 1.000000
77 67 1.000000
77 76 1.000000
77 78 1.000000
77 87 1.000000
78 68 1.000000
78 77 1.000000
78 79 1.000000
78 88 1.000000
79 69 1.000000
79 70 1.000000
79 78 1.000000
79 89 1.000000
80 70 1.000000
80 81 1.000000
80 89 1.000000
80 90 1.000000
81 71 1.000000
81 80 1.000000
81 82 1.000000
81 91 1.000000
82 72 1.000000
82 81 1.000000
82 83 1.000000
82 92 1.000000
83 73 1.000000
83 82 1.000000
83 84 1.000000
83 93 1.000000
84 74 1.000000
84 83 1.000000
84 85 1.000000
84 94 1.000000
85 75 1.000000
85 84 1.000000
85 86 1.000000
85 95 1.000000
86 76 1.000000
86 85 1.000000
86 87 1.000000
86 96 1.000000
87 77 1.000000
87 86 1.000000
87 88 1.000000
87 97 1.000000
88 78 1.000000
88 87 1.000000
88 89 1.000000
88 98 1.000000
89 79 1.000000
89 80 1.000000
89 88 1.000000
89 99 1.000000
90 0 1.000000
90 80 1.000000
90 91 1.000000
90 99 1.000000
91 1 1.000000
91 81 1.000000
91 90 1.000000
91 92 1.000000
92 2 1.000000
92 82 1.000000
92 91 1.000000
92 93 1.000000
93 3 1.000000
93 83 1.000000
93 92 1.000000
93 94 1.000000
94 4 1.000000
94 84 1.000000
94 93 1.000000
94 95 1.000000
95 5 1.000000
95 85 1.000000
95 94 1.000000
95 96 1.000000
96 6 1.000000
96 86 1.000000
96 95 1.000000
96 97 1.000000
97 7 1.000000
97 87 1.000000
97 96 1.000000
97 98 1.000000
98 8 1.000000
98 88 1.000000
98 97 1.000000
98 99 1.000000
99 9 1.000000
99 89 1.000000
99 90 1.000000
99 98 1.000000
END
#################################################################
SECTION4 (TrueSubGraph Information)
EndPoint0 EndPoint1 Weight
40 30 1.0
30 31 1.0
31 21 1.0
21 20 1.0
20 10 1.0
10 11 1.0
11 1 1.0
1 0 1.0
0 9 1.0
9 99 1.0
99 90 1.0
90 91 1.0
91 81 1.0
81 80 1.0
80 70 1.0
70 79 1.0
79 78 1.0
78 77 1.0
77 67 1.0
END
#################################################################
