#################################################################
#APDM Input Graph, this input graph includes 3 sections:
#section1 : general information
#section2 : nodes
#section3 : edges
#section4 : trueSubGraph (Optional)
#
#if nodes haven't information set weight to null
#################################################################
SECTION1 (General Information)
numNodes = 100
numEdges = 200
usedAlgorithm = Test
dataSource = GridData
END
#################################################################
SECTION2 (Nodes Information)
NodeID Base Counts
0 5.412821 3.364711411801696
1 5.099514 5.6482611641246345
2 5.411508 3.7852289911378105
3 5.154580 20.603879647575898
4 5.101069 20.625795820205685
5 4.613387 5.49822934218368
6 4.662521 18.70772638509399
7 4.827923 19.484635011105333
8 4.867039 21.171297924675045
9 5.095074 4.877674803965047
10 4.625225 5.73697844422039
11 4.539442 6.797677209465746
12 4.725799 6.872290058200636
13 4.651660 5.908201591316538
14 5.003239 4.136438381986178
15 5.211325 5.413994441869372
16 4.621681 5.583567689190089
17 5.263349 3.89320637685296
18 4.590383 7.260474394328157
19 4.897757 5.731812665264583
20 5.253445 21.10380540775671
21 5.437375 19.55881456754155
22 5.006008 4.329540722831885
23 4.643004 4.998551613942044
24 5.225867 4.198516509778141
25 5.337217 4.175512486760664
26 5.581332 5.152012199935884
27 4.991611 5.965169785589875
28 5.215346 3.679630440859911
29 5.174897 18.98920958907833
30 5.026888 3.9320130616706046
31 5.553984 4.820774908625004
32 4.615957 2.7424735108735447
33 5.073226 2.9542595485491527
34 4.756390 4.568400694199579
35 4.547051 4.639349116856482
36 5.166837 5.2216519926211555
37 4.605953 4.951826636423502
38 5.722183 4.026968595554132
39 5.093120 19.406592429873935
40 5.200768 5.7537004205105
41 4.467239 4.838121295330907
42 5.045394 6.171928364840392
43 4.846723 3.9315163526060033
44 4.833257 6.043642413230705
45 5.231131 3.7231159533293883
46 5.006795 4.900995916776577
47 4.917685 6.077837910020802
48 4.996064 4.997083244883552
49 4.836155 19.657517334829862
50 5.477635 6.406109130271138
51 5.411983 4.224248234688738
52 4.958644 4.709343476721756
53 5.302894 4.843473811166726
54 5.447280 2.8775202854051227
55 5.437343 6.420019463012002
56 4.623019 4.126111988608014
57 4.612977 5.244303937219411
58 5.136462 20.536024097997263
59 4.979400 19.64534215260762
60 5.241361 5.270157813681417
61 5.154838 4.727596132626445
62 4.933681 7.385276223765473
63 5.406133 4.267524664564755
64 4.813293 4.180299717952788
65 4.824428 4.534382885947752
66 4.865763 5.249278603356783
67 5.537655 20.34148521214521
68 5.001413 21.334945180353717
69 4.761703 5.448031134987976
70 5.291198 20.764905291086038
71 4.588415 4.585948998349992
72 4.658742 7.569848777263211
73 5.511109 2.674547762280929
74 4.761789 5.695212777202157
75 5.040534 6.239586118344854
76 4.719931 4.744805409372042
77 5.115761 20.80591916320219
78 5.329222 21.005319549510197
79 4.886110 21.006991099716096
80 5.049550 20.89788526760165
81 5.651657 4.206191694053751
82 4.925938 2.563348201835367
83 4.981625 4.704698597359154
84 5.035239 4.792441560312209
85 4.861989 5.218621337456316
86 4.861887 4.4745192353151255
87 4.623509 22.072854266341448
88 4.646018 19.36328669313332
89 5.001975 19.301599125690863
90 5.199747 18.966260819355814
91 5.103353 6.318959504040981
92 4.583381 4.086819229872671
93 4.879800 18.89647750425998
94 5.148489 20.754946533032275
95 4.900530 19.081319986083013
96 4.816646 19.464535433749997
97 5.125343 19.348789397557418
98 5.407175 20.94365521438759
99 4.824224 20.453274460638696
END
#################################################################
SECTION3 (Edges Information)
EndPoint0 EndPoint1 Weight
0 1 1.000000
0 9 1.000000
0 10 1.000000
0 90 1.000000
1 0 1.000000
1 2 1.000000
1 11 1.000000
1 91 1.000000
2 1 1.000000
2 3 1.000000
2 12 1.000000
2 92 1.000000
3 2 1.000000
3 4 1.000000
3 13 1.000000
3 93 1.000000
4 3 1.000000
4 5 1.000000
4 14 1.000000
4 94 1.000000
5 4 1.000000
5 6 1.000000
5 15 1.000000
5 95 1.000000
6 5 1.000000
6 7 1.000000
6 16 1.000000
6 96 1.000000
7 6 1.000000
7 8 1.000000
7 17 1.000000
7 97 1.000000
8 7 1.000000
8 9 1.000000
8 18 1.000000
8 98 1.000000
9 0 1.000000
9 8 1.000000
9 19 1.000000
9 99 1.000000
10 0 1.000000
10 11 1.000000
10 19 1.000000
10 20 1.000000
11 1 1.000000
11 10 1.000000
11 12 1.000000
11 21 1.000000
12 2 1.000000
12 11 1.000000
12 13 1.000000
12 22 1.000000
13 3 1.000000
13 12 1.000000
13 14 1.000000
13 23 1.000000
14 4 1.000000
14 13 1.000000
14 15 1.000000
14 24 1.000000
15 5 1.000000
15 14 1.000000
15 16 1.000000
15 25 1.000000
16 6 1.000000
16 15 1.000000
16 17 1.000000
16 26 1.000000
17 7 1.000000
17 16 1.000000
17 18 1.000000
17 27 1.000000
18 8 1.000000
18 17 1.000000
18 19 1.000000
18 28 1.000000
19 9 1.000000
19 10 1.000000
19 18 1.000000
19 29 1.000000
20 10 1.000000
20 21 1.000000
20 29 1.000000
20 30 1.000000
21 11 1.000000
21 20 1.000000
21 22 1.000000
21 31 1.000000
22 12 1.000000
22 21 1.000000
22 23 1.000000
22 32 1.000000
23 13 1.000000
23 22 1.000000
23 24 1.000000
23 33 1.000000
24 14 1.000000
24 23 1.000000
24 25 1.000000
24 34 1.000000
25 15 1.000000
25 24 1.000000
25 26 1.000000
25 35 1.000000
26 16 1.000000
26 25 1.000000
26 27 1.000000
26 36 1.000000
27 17 1.000000
27 26 1.000000
27 28 1.000000
27 37 1.000000
28 18 1.000000
28 27 1.000000
28 29 1.000000
28 38 1.000000
29 19 1.000000
29 20 1.000000
29 28 1.000000
29 39 1.000000
30 20 1.000000
30 31 1.000000
30 39 1.000000
30 40 1.000000
31 21 1.000000
31 30 1.000000
31 32 1.000000
31 41 1.000000
32 22 1.000000
32 31 1.000000
32 33 1.000000
32 42 1.000000
33 23 1.000000
33 32 1.000000
33 34 1.000000
33 43 1.000000
34 24 1.000000
34 33 1.000000
34 35 1.000000
34 44 1.000000
35 25 1.000000
35 34 1.000000
35 36 1.000000
35 45 1.000000
36 26 1.000000
36 35 1.000000
36 37 1.000000
36 46 1.000000
37 27 1.000000
37 36 1.000000
37 38 1.000000
37 47 1.000000
38 28 1.000000
38 37 1.000000
38 39 1.000000
38 48 1.000000
39 29 1.000000
39 30 1.000000
39 38 1.000000
39 49 1.000000
40 30 1.000000
40 41 1.000000
40 49 1.000000
40 50 1.000000
41 31 1.000000
41 40 1.000000
41 42 1.000000
41 51 1.000000
42 32 1.000000
42 41 1.000000
42 43 1.000000
42 52 1.000000
43 33 1.000000
43 42 1.000000
43 44 1.000000
43 53 1.000000
44 34 1.000000
44 43 1.000000
44 45 1.000000
44 54 1.000000
45 35 1.000000
45 44 1.000000
45 46 1.000000
45 55 1.000000
46 36 1.000000
46 45 1.000000
46 47 1.000000
46 56 1.000000
47 37 1.000000
47 46 1.000000
47 48 1.000000
47 57 1.000000
48 38 1.000000
48 47 1.000000
48 49 1.000000
48 58 1.000000
49 39 1.000000
49 40 1.000000
49 48 1.000000
49 59 1.000000
50 40 1.000000
50 51 1.000000
50 59 1.000000
50 60 1.000000
51 41 1.000000
51 50 1.000000
51 52 1.000000
51 61 1.000000
52 42 1.000000
52 51 1.000000
52 53 1.000000
52 62 1.000000
53 43 1.000000
53 52 1.000000
53 54 1.000000
53 63 1.000000
54 44 1.000000
54 53 1.000000
54 55 1.000000
54 64 1.000000
55 45 1.000000
55 54 1.000000
55 56 1.000000
55 65 1.000000
56 46 1.000000
56 55 1.000000
56 57 1.000000
56 66 1.000000
57 47 1.000000
57 56 1.000000
57 58 1.000000
57 67 1.000000
58 48 1.000000
58 57 1.000000
58 59 1.000000
58 68 1.000000
59 49 1.000000
59 50 1.000000
59 58 1.000000
59 69 1.000000
60 50 1.000000
60 61 1.000000
60 69 1.000000
60 70 1.000000
61 51 1.000000
61 60 1.000000
61 62 1.000000
61 71 1.000000
62 52 1.000000
62 61 1.000000
62 63 1.000000
62 72 1.000000
63 53 1.000000
63 62 1.000000
63 64 1.000000
63 73 1.000000
64 54 1.000000
64 63 1.000000
64 65 1.000000
64 74 1.000000
65 55 1.000000
65 64 1.000000
65 66 1.000000
65 75 1.000000
66 56 1.000000
66 65 1.000000
66 67 1.000000
66 76 1.000000
67 57 1.000000
67 66 1.000000
67 68 1.000000
67 77 1.000000
68 58 1.000000
68 67 1.000000
68 69 1.000000
68 78 1.000000
69 59 1.000000
69 60 1.000000
69 68 1.000000
69 79 1.000000
70 60 1.000000
70 71 1.000000
70 79 1.000000
70 80 1.000000
71 61 1.000000
71 70 1.000000
71 72 1.000000
71 81 1.000000
72 62 1.000000
72 71 1.000000
72 73 1.000000
72 82 1.000000
73 63 1.000000
73 72 1.000000
73 74 1.000000
73 83 1.000000
74 64 1.000000
74 73 1.000000
74 75 1.000000
74 84 1.000000
75 65 1.000000
75 74 1.000000
75 76 1.000000
75 85 1.000000
76 66 1.000000
76 75 1.000000
76 77 1.000000
76 86 1.000000
77 67 1.000000
77 76 1.000000
77 78 1.000000
77 87 1.000000
78 68 1.000000
78 77 1.000000
78 79 1.000000
78 88 1.000000
79 69 1.000000
79 70 1.000000
79 78 1.000000
79 89 1.000000
80 70 1.000000
80 81 1.000000
80 89 1.000000
80 90 1.000000
81 71 1.000000
81 80 1.000000
81 82 1.000000
81 91 1.000000
82 72 1.000000
82 81 1.000000
82 83 1.000000
82 92 1.000000
83 73 1.000000
83 82 1.000000
83 84 1.000000
83 93 1.000000
84 74 1.000000
84 83 1.000000
84 85 1.000000
84 94 1.000000
85 75 1.000000
85 84 1.000000
85 86 1.000000
85 95 1.000000
86 76 1.000000
86 85 1.000000
86 87 1.000000
86 96 1.000000
87 77 1.000000
87 86 1.000000
87 88 1.000000
87 97 1.000000
88 78 1.000000
88 87 1.000000
88 89 1.000000
88 98 1.000000
89 79 1.000000
89 80 1.000000
89 88 1.000000
89 99 1.000000
90 0 1.000000
90 80 1.000000
90 91 1.000000
90 99 1.000000
91 1 1.000000
91 81 1.000000
91 90 1.000000
91 92 1.000000
92 2 1.000000
92 82 1.000000
92 91 1.000000
92 93 1.000000
93 3 1.000000
93 83 1.000000
93 92 1.000000
93 94 1.000000
94 4 1.000000
94 84 1.000000
94 93 1.000000
94 95 1.000000
95 5 1.000000
95 85 1.000000
95 94 1.000000
95 96 1.000000
96 6 1.000000
96 86 1.000000
96 95 1.000000
96 97 1.000000
97 7 1.000000
97 87 1.000000
97 96 1.000000
97 98 1.000000
98 8 1.000000
98 88 1.000000
98 97 1.000000
98 99 1.000000
99 9 1.000000
99 89 1.000000
99 90 1.000000
99 98 1.000000
END
#################################################################
SECTION4 (TrueSubGraph Information)
EndPoint0 EndPoint1 Weight
21 20 1.0
20 29 1.0
29 39 1.0
39 49 1.0
49 59 1.0
59 58 1.0
58 68 1.0
68 67 1.0
67 77 1.0
77 78 1.0
78 79 1.0
79 70 1.0
70 80 1.0
80 90 1.0
90 99 1.0
99 89 1.0
89 88 1.0
88 87 1.0
87 97 1.0
97 98 1.0
98 8 1.0
8 7 1.0
7 6 1.0
6 96 1.0
96 95 1.0
95 94 1.0
94 4 1.0
4 3 1.0
3 93 1.0
END
#################################################################
